miuDecisionTimes,0,1.0,-0.1,-0.1,-0.1,299.0,300
limMiuLower,0.0,0.0,0.0,0.0,0.0,0.0,0.0
limMiuUpper,1.0,1.0,1.0,1.0,1.0,1.0,1.0
miuInitialCondition,1.0,1.0,1.0,1.0,1.0,1.0,1.0
techDecisionTimes,0,1.0,-0.1,-0.1,-0.1,299.0,300
freeDecisionTimes,0,1.0,-0.1,-0.1,-0.1,299.0,300
savingsDecisionTimes,0,1.0,-0.1,-0.1,-0.1,299.0,300
miuDecisions,
techDecisions,
savingsDecisions,
techLearningCurve,False,True
techInitCost,0.2,1.0
techInitAmount,0,1e-06
techLearningRate,0.005,0.13750352374993496
firstUnitFractionalCost,0.0,0.5
tlist,0.0,1.0,2.0,3.0,4.0,5.0,6.0,7.0,8.0,9.0,10.0,11.0,12.0,13.0,14.0,15.0,16.0,17.0,18.0,19.0,20.0,21.0,22.0,23.0,24.0,25.0,26.0,27.0,28.0,29.0,30.0,31.0,32.0,33.0,34.0,35.0,36.0,37.0,38.0,39.0,40.0,41.0,42.0,43.0,44.0,45.0,46.0,47.0,48.0,49.0,50.0,51.0,52.0,53.0,54.0,55.0,56.0,57.0,58.0,59.0,60.0,61.0,62.0,63.0,64.0,65.0,66.0,67.0,68.0,69.0,70.0,71.0,72.0,73.0,74.0,75.0,76.0,77.0,78.0,79.0,80.0,81.0,82.0,83.0,84.0,85.0,86.0,87.0,88.0,89.0,90.0,91.0,92.0,93.0,94.0,95.0,96.0,97.0,98.0,99.0,100.0,101.0,102.0,103.0,104.0,105.0,106.0,107.0,108.0,109.0,110.0,111.0,112.0,113.0,114.0,115.0,116.0,117.0,118.0,119.0,120.0,121.0,122.0,123.0,124.0,125.0,126.0,127.0,128.0,129.0,130.0,131.0,132.0,133.0,134.0,135.0,136.0,137.0,138.0,139.0,140.0,141.0,142.0,143.0,144.0,145.0,146.0,147.0,148.0,149.0,150.0,151.0,152.0,153.0,154.0,155.0,156.0,157.0,158.0,159.0,160.0,161.0,162.0,163.0,164.0,165.0,166.0,167.0,168.0,169.0,170.0,171.0,172.0,173.0,174.0,175.0,176.0,177.0,178.0,179.0,180.0,181.0,182.0,183.0,184.0,185.0,186.0,187.0,188.0,189.0,190.0,191.0,192.0,193.0,194.0,195.0,196.0,197.0,198.0,199.0,200.0,201.0,202.0,203.0,204.0,205.0,206.0,207.0,208.0,209.0,210.0,211.0,212.0,213.0,214.0,215.0,216.0,217.0,218.0,219.0,220.0,221.0,222.0,223.0,224.0,225.0,226.0,227.0,228.0,229.0,230.0,231.0,232.0,233.0,234.0,235.0,236.0,237.0,238.0,239.0,240.0,241.0,242.0,243.0,244.0,245.0,246.0,247.0,248.0,249.0,250.0,251.0,252.0,253.0,254.0,255.0,256.0,257.0,258.0,259.0,260.0,261.0,262.0,263.0,264.0,265.0,266.0,267.0,268.0,269.0,270.0,271.0,272.0,273.0,274.0,275.0,276.0,277.0,278.0,279.0,280.0,281.0,282.0,283.0,284.0,285.0,286.0,287.0,288.0,289.0,290.0,291.0,292.0,293.0,294.0,295.0,296.0,297.0,298.0,299.0,300.0
rr,1.0,0.9704455335485082,0.9417645335842487,0.9139311852712282,0.8869204367171575,0.8607079764250578,0.835270211411272,0.8105842459701871,0.7866278610665535,0.7633794943368531,0.7408182206817179,0.7189237334319262,0.697676326071031,0.6770568744981647,0.6570468198150567,0.6376281516217733,0.6187833918061408,0.6004955788122659,0.5827482523739896,0.5655254386995371,0.5488116360940265,0.5325918010068972,0.5168513344916993,0.5015760690660556,0.4867522559599717,0.4723665527410147,0.4584060113052235,0.44485806622294116,0.43171052342907973,0.418951549247639,0.40656965974059917,0.39455371037160114,0.38289288597511206,0.3715766910220457,0.3605949401730783,0.3499377491111553,0.3395955256449391,0.3295589610751891,0.31981902181630395,0.31036694126548503,0.30119421191220214,0.2922925776808594,0.2836540264997704,0.27527078308975234,0.2671353019658504,0.25924026064589156,0.2515785530597565,0.2441432831534371,0.23692775868212176,0.22992548518672384,0.22313016014842982,0.21653566731600707,0.21013607120076472,0.20392561173421347,0.1978986990836147,0.19204990862075413,0.18637397603940997,0.1808657926171221,0.17552040061699686,0.17033298882540943,0.16529888822158656,0.1604135677751728,0.15567263036799733,0.15107180883637086,0.14660696213035015,0.1422740715865136,0.13806923731089282,0.13398867466880499,0.1300287108784259,0.12618578170503877,0.1224564282529819,0.11883729385240965,0.11532512103806251,0.11191674861732888,0.10860910882495801,0.10539922456186433,0.10228420671553748,0.09926125155964566,0.09632763823049303,0.09348072627805847,0.09071795328941251,0.08803683258237259,0.08543495096732123,0.0829099665751727,0.08045960674953244,0.07808166600115317,0.07577400402284548,0.0735345437630571,0.07136126955638608,0.069252225309346,0.06720551273974978,0.06521928966812753,0.06329176835964073,0.06142121391500013,0.05960594270893937,0.057844320874838456,0.056134762834133725,0.05447572986918988,0.05286572873835037,0.051303310331919136,0.049787068367863944,0.04831563812606779,0.046887695219988486,0.04550195440462157,0.04415716841969286,0.04285212686704019,0.04158565512117318,0.04035661327203115,0.03916389509898708,0.038006427075174314,0.036883167401240015,0.0357931050676553,0.03473525894473856,0.033708676899572416,0.03271243493901982,0.03174563637806795,0.030807411032751076,0.02989691443692632,0.029013327082197053,0.028155853680300106,0.02732372244729257,0.02651618440889418,0.025732512726359954,0.024972002042276155,0.024233967845691123,0.023517745856009107,0.02282269142509298,0.022148178957037315,0.021493601345089923,0.020858369425214726,0.02024191144580439,0.0196436725530653,0.019063114291611637,0.01849971411981925,0.017952964939502866,0.017422374639493515,0.01690746565270528,0.01640777452629266,0.015922851504511698,0.015452260123909515,0.014995576820477703,0.014552390548416136,0.014122302410163962,0.013704925297364945,0.013299883542443767,0.012906812580479873,0.012525358621074385,0.012155178329914935,0.011795938519751572,0.01144731585050571,0.011108996538242306,0.010780676072743084,0.010462058943426803,0.010152858373369763,0.009852796061187257,0.009561601930543513,0.009279013887064744,0.00900477758243656,0.00873864618547329,0.008480380159953269,0.00822974704902003,0.007986521265955502,0.007750483891136699,0.00752142247499327,0.007299130846788583,0.0070834089290521185,0.006874062557496255,0.0066709033062552735,0.006473748318289405,0.006282420140801123,0.006096746565515638,0.005916560473681857,0.005741699685654202,0.005572006814919998,0.00540732912644096,0.005247518399181385,0.005092430792699196,0.004941926717679822,0.004795870710296421,0.004654131310283272,0.00451658094261267,0.004383095802668776,0.004253555744815125,0.004127844174255436,0.00400584794209042,0.0038874572434761303,0.0037725655187922052,0.0036610693577310083,0.003552868406221362,0.0034478652761031265,0.003345965457471272,0.003247077233610589,0.0031511115984444414,0.0030579821764233073,0.0029676051447809467,0.002879899158088243,0.0027947852750368437,0.0027121868873866434,0.0026320296510132005,0.0025542414189929983,0.0024787521766663585,0.0024054939786195117,0.002334400887529135,0.002265408914814322,0.0021984559630425313,0.00213348177003771,0.0020704278546402606,0.0020092374640700602,0.0019498555228451206,0.0018922285832099397,0.0018363047770289071,0.0017820337691014916,0.0017293667118571572,0.0016782562013892477,0.0016286562347882806,0.001580522168736217,0.0015338106793244643,0.0014884797230594294,0.0014444884990205433,0.0014017974121366757,0.0013603680375478939,0.0013201630860205026,0.0012811463703842113,0.0012432827729612415,0.0012065382139580404,0.0011708796207911744,0.001136274898319767,0.0011026928999577027,0.0010701033996396044,0.0010384770646153282,0.0010077854290485113,0.0009780008683953946,0.0009490965745408727,0.0009210465316693793,0.0008938254928488935,0.0008674089573070025,0.000841773148378549,0.0008168949921050291,0.0007927520964664691,0.0007693227312271008,0.0007465858083766799,0.0007245208631498513,0.0007031080356064829,0.0006823280527563766,0.0006621622112122769,0.0006425923603555579,0.0006236008859994445,0.0006051706945350532,0.0005872851975459913,0.0005699282968776604,0.0005530843701478336,0.0005367382566854553,0.0005208752438850126,0.0005054810539642003,0.0004905418311129505,0.00047604412902226977,0.0004619748987816513,0.00044832147713417755,0.00043507157507873255,0.00042221326680907034,0.0004097349789797868,0.00039762548028952584,0.000385873871372051,0.00037446957498607833,0.0003634023264950478,0.0003526621646282561,0.0003422394225150397,0.00033212471898394095,0.0003223089501190191,0.00031278328106571065,0.0003035391380788668,0.00029456820080580036,0.0002858623947974087,0.0002774138842406257,0.0002692150649056583,0.00026125855730166754,0.0002535372000347304,0.00024604404336209853,0.00023877234293696414,0.00023171555373808968,0.0002248673241788482,0.00021822149039036782,0.0002117720706736313,0.00020551326011554428,0.00019943942536412282,0.00019354509955809418,0.00018782497740635362,0.00018227391041284545,0.0001768869022425666,0.00017165910422453046,0.00016658581098763354,0.00016166245622550477,0.00015688460858652242,0.00015224796768529672,0.00014774836023203364,0.00014338173627629318,0.0001391441655617589,0.00013503183398874292,0.00013104104018123928,0.00012716819215543435,0.00012340980408667956
al,0.7781200916565773,0.785940328589274,0.7938391602097822,0.8018173764078462,0.8098757750117342,0.8180151618680224,0.8262363509221787,0.8345401642999599,0.8429274323896236,0.8513989939249681,0.8599556960692066,0.8685983944996841,0.8773279534934462,0.8861452460136664,0.8950511537969451,0.9040465674414816,0.9131323864961373,0.9223095195503884,0.9315788843251886,0.9409414077647397,0.9503980261291877,0.9599496850882494,0.9695973398157809,0.9793419550852943,0.9891845053664374,0.9991259749224402,1.009167357908543,1.0193096584714123,1.0295538908495563,1.0399010794747496,1.0503522590744776,1.0609084747754094,1.0715707822079124,1.0823402476116144,1.093217947942031,1.1042049709782598,1.1153024154317601,1.1265113910562257,1.1378330187585592,1.1492684307109662,1.160818770464171,1.1724851930617743,1.184268865155758,1.1961709651231518,1.2081926831838699,1.2203352215197372,1.2325997943947058,1.2449876282762837,1.2574999619581826,1.2701380466841972,1.2829031462733322,1.2957965372461842,1.3088195089525947,1.321973363700587,1.3352594168865977,1.3486789971270168,1.3622334463910515,1.3759241201349237,1.3897523874374165,1.4037196311367839,1.4178272479690353,1.4320766487076104,1.4464692583044574,1.4610065160325298,1.475689875629715,1.490520805444209,1.505500788581352,1.5206313230519413,1.5359139219220328,1.5513501134642491,1.566941441310608,1.5826894646068865,1.5985957581685382,1.614661912638174,1.6308895346446302,1.64728024696363,1.663835688680064,1.6805575153519006,1.6974473991757415,1.7145070291540443,1.731738111264023,1.7491423686282481,1.7667215416869597,1.7844773883721123,1.8024116842831717,1.8205262228646744,1.8388228155855737,1.8573032921203891,1.8759695005321744,1.894823307457326,1.9138665982922485,1.9331012773818936,1.9525292682102007,1.9721525135924416,1.9919729758695075,2.0119926371041434,2.032213499279156,2.0526375844976132,2.0732669351850572,2.094103614293748,2.1151497055089608,2.1364073134573545,2.1578785639174396,2.1795656040321547,2.2014706025235835,2.2235957499098293,2.2459432587240693,2.268515363735807,2.2913143221743546,2.314342413954554,2.337601941904774,2.3610952319971927,2.384824633580397,2.40879251961432,2.433001286907538,2.4574533563569547,2.4821511731898913,2.5070972072086133,2.532293953037311,2.5577439303715646,2.5834496842303154,2.6094137852103714,2.635638829743467,2.66212744035591,2.6888822659308356,2.715905981973097,2.743201290876818,2.7707709221956356,2.7986176329156565,2.8267442077311578,2.85515345932306,2.8838482286401974,2.912831385183413,2.942105827292515,2.9716744824361094,3.0015403075043507,3.031706289104635,3.0621754438602595,3.092950818712092,3.1240354912232626,3.1554325698869277,3.1871451944371163,3.2191765361627125,3.2515297982245817,3.2842082159758896,3.3172150572856447,3.350553622865484,3.384227246599747,3.4182392958788683,3.4525931719361194,3.487292310187735,3.5223401805764567,3.5577402879185285,3.5934961722541865,3.629611409201659,3.6660896103147387,3.702934423443934,3.7401495331012633,3.7777386608287045,3.8157055655703545,3.854054044048326,3.892787931142425,3.9319111002736395,3.971427463791485,4.011340973365243,4.051655620379133,4.0923754363314515,4.133504493237727,4.175046904037926,4.217006823007746,4.259388446174051,4.302196011734475,4.345433800481247,4.389106136229276,4.433217386248527,4.477771961700764,4.52277431808066,4.568228955661355,4.614140419944485,4.660513302114741,4.707352239498982,4.7546619160299795,4.802447062714812,4.850712458107967,4.899462928789208,4.948703349846227,4.998438645362164,5.048673788908016,5.099413804040002,5.150663764801917,5.202428796232546,5.25471407487817,5.307524829310225,5.360866340648163,5.41474394308757,5.469163024433587,5.524129026639699,5.57964744635193,5.635723835458519,5.692363801645105,5.749573008955509,5.807357178358136,5.865722088318076,5.92467357537497,5.984217534726642,6.0443599208186525,6.10510674793973,6.1664640908232045,6.228438085254502,6.291034928684704,6.354260880850324,6.418122264399261,6.482625465523094,6.547776934595683,6.613583186818232,6.680050802870799,6.747186429570383,6.814996780535596,6.883488636858047,6.952668847780441,7.022544331381526,7.093122075267886,7.164409137272731,7.236412646161662,7.309139802345574,7.382597878600689,7.456794220795851,7.531736248627107,7.607431456359697,7.683887413577465,7.761111765939857,7.839112235946454,7.91789662370926,7.997472807732709,8.077848745701512,8.159032475276453,8.241032114898132,8.323855864598855,8.407512006822603,8.492008907253323,8.57735501565146,8.663558866698986,8.750629080852834,8.838574365206988,8.92740351436316,9.017125411310301,9.107749028312865,9.199283427808082,9.291737763312168,9.385121280335733,9.479443317308286,9.574713306512137,9.670940775025588,9.768135345675692,9.866306738000498,9.96546476922106,10.065619355223118,10.166780511548744,10.268958354397874,10.372163101639934,10.47640507383566,10.581694695269134,10.688042494990246,10.795459107867584,10.90395527565196,11.013541848050554,11.124229783811943,11.236030151821929,11.348954132210492,11.463013017469764,11.578218213583332,11.6945812411668,11.812113736619906,11.93082745329013,12.050734262648078,12.171846155474597,12.29417524305991,12.4177337584147,12.542534057493487,12.66858862043016,12.795910052786077,12.92451108681056,13.054404582714188,13.185603529954797,13.318121048536435,13.451970390321403,13.587164940355414,13.723718218206137,13.86164387931515,14.000955716363505,14.141667660650993,14.283793783489314,14.42734829760918,14.572345558581643,14.71880006625362,14.866726466197935,15.016139551177845,15.16705426262637,15.319485692140406,15.47344908298994,15.628959831642355
sigma,1.0,0.9900498337491681,0.9801986733067553,0.9704455335485082,0.9607894391523232,0.951229424500714,0.9417645335842487,0.9323938199059483,0.9231163463866358,0.9139311852712282,0.9048374180359595,0.8958341352965282,0.8869204367171575,0.8780954309205613,0.8693582353988059,0.8607079764250578,0.8521437889662113,0.8436648165963837,0.835270211411272,0.8269591339433623,0.8187307530779818,0.8105842459701871,0.8025187979624785,0.794533602503334,0.7866278610665535,0.7788007830714049,0.7710515858035663,0.7633794943368531,0.7557837414557255,0.7482635675785653,0.7408182206817179,0.7334469562242892,0.7261490370736909,0.7189237334319262,0.7117703227626097,0.7046880897187134,0.697676326071031,0.6907343306373547,0.6838614092123558,0.6770568744981647,0.6703200460356393,0.6636502501363194,0.6570468198150567,0.6505090947233165,0.6440364210831414,0.6376281516217733,0.631283645506926,0.6250022682827008,0.6187833918061408,0.6126263941844161,0.6065306597126334,0.6004955788122659,0.5945205479701944,0.5886049696783552,0.5827482523739896,0.5769498103804866,0.5712090638488149,0.5655254386995371,0.559898366565402,0.5543272847345071,0.5488116360940265,0.5433508690744998,0.5379444375946745,0.5325918010068972,0.5272924240430485,0.522045776761016,0.5168513344916992,0.5117085777865424,0.5066169923655895,0.5015760690660555,0.49658530379140947,0.4916441974609651,0.4867522559599717,0.48190899009020244,0.4771139155210344,0.4723665527410147,0.46766642700990924,0.46301306831122807,0.4584060113052235,0.45384479528235583,0.44932896411722156,0.4448580662229411,0.44043165450599925,0.43604928632153556,0.43171052342907973,0.4274149319487267,0.4231620823177488,0.418951549247639,0.4147829116815814,0.4106557527523455,0.4065696597405991,0.40252422403363597,0.39851904108451414,0.3945537103716011,0.3906278353585211,0.3867410234545012,0.38289288597511206,0.37908303810339883,0.37531109885139957,0.3715766910220457,0.36787944117144233,0.3642189795715233,0.3605949401730783,0.3570069605691474,0.35345468195878016,0.3499377491111553,0.3464558103300574,0.34300851741870664,0.3395955256449391,0.3362164937067333,0.33287108369807955,0.32955896107518906,0.32627979462303947,0.3230332564222529,0.31981902181630384,0.31663676937905316,0.3134861808826053,0.31036694126548503,0.30727873860113125,0.3042212640667041,0.30119421191220214,0.2981972794298874,0.2952301669240142,0.2922925776808594,0.2893842179390506,0.2865047968601901,0.2836540264997704,0.2808316217783798,0.27803730045319414,0.27527078308975234,0.2725317930340126,0.2698200563846868,0.26713530196585034,0.26447726129982396,0.261845668580326,0.2592402606458915,0.2566607769535559,0.25410695955280027,0.25157855305975646,0.24907530463166816,0.24659696394160643,0.2441432831534371,0.24171401689703645,0.23930892224375455,0.23692775868212176,0.23457028809379765,0.23223627472975883,0.22992548518672384,0.22763768838381274,0.22537265553943872,0.22313016014842982,0.2209099779593782,0.21871188695221475,0.21653566731600707,0.21438110142697794,0.21224797382674304,0.21013607120076472,0.20804518235702046,0.20597509820488344,0.20392561173421342,0.20189651799465538,0.1998876140751445,0.19789869908361465,0.19592957412690934,0.19398004229089189,0.19204990862075408,0.1901389801015205,0.1882470656387468,0.18637397603940997,0.18451952399298926,0.18268352405273466,0.1808657926171221,0.17906614791149322,0.17728440996987782,0.17552040061699686,0.17377394345044514,0.17204486382305054,0.17033298882540943,0.1686381472685955,0.1669601696670407,0.16529888822158653,0.16365413680270405,0.16202575093388075,0.16041356777517274,0.15881742610692068,0.1572371663136276,0.1556726303679973,0.1541236618151314,0.15259010575688386,0.15107180883637084,0.14956861922263504,0.14808038659546244,0.14660696213035015,0.14514819848362373,0.14370394977770293,0.1422740715865136,0.140858420921045,0.13945685621505094,0.13806923731089282,0.13669542544552385,0.1353352832366127,0.13398867466880493,0.13265546508012172,0.13133552114849303,0.1300287108784259,0.12873490358780423,0.12745396989482075,0.12618578170503877,0.12493021219858241,0.12368713581745483,0.1224564282529819,0.12123796643338168,0.12003162851145673,0.11883729385240965,0.11765484302177918,0.11648415777349697,0.11532512103806251,0.1141776169108365,0.11304153064044985,0.11191674861732888,0.11080315836233387,0.10970064851551141,0.10860910882495796,0.10752843013579495,0.1064585043792528,0.10539922456186433,0.104350484754765,0.1033121800831002,0.10228420671553744,0.1012664618538834,0.1002588437228037,0.09926125155964566,0.09827358560436154,0.09729574708953276,0.09632763823049303,0.09536916221554961,0.09442022319630235,0.09348072627805847,0.09255057751034329,0.09162968387750484,0.09071795328941251,0.08981529457224763,0.08892161745938634,0.08803683258237255,0.0871608514619813,0.0862935864993705,0.08543495096732123,0.08458485900156469,0.08374322559219596,0.08290996657517266,0.0820849986238988,0.08126823924089167,0.08045960674953244,0.07965902028589801,0.07886639979067495,0.07808166600115313,0.07730474044329974,0.07653554542391151,0.07577400402284548,0.07502004008532698,0.07427357821433388,0.0735345437630571,0.07280286282743559,0.0720784622387661,0.07136126955638605,0.0706512130604296,0.06994822174465536,0.069252225309346,0.06856315415427791,0.06788093937176144,0.06720551273974976,0.06653680671501686,0.06587475442640295,0.06521928966812753,0.06457034689316847,0.06392786120670757,0.0632917683596407,0.06266200474215315,0.06203850737735829,0.06142121391500013,0.06081006262521795,0.06020499239237354,0.05960594270893937,0.05901285366944784,0.05842566596450083,0.057844320874838456,0.05726876026546736,0.0566989265798469,0.056134762834133725,0.05557621261148306,0.05502322005640723,0.05447572986918986,0.05393368730035602,0.053397038145197084,0.05286572873835037,0.05233970594843238,0.05181891717272583,0.05130331033191911,0.0507928338648985,0.050287436723591865,0.049787068367863944
tatm,0.0,0.0013100534916962504,0.004189006783825127,0.007782412543331032,0.01206360076983709,0.017005680969841157,0.02258154794847081,0.028763881021794568,0.03552513812315842,0.042837546811653734,0.05067309396387614,0.05900351546169207,0.0678002867070053,0.0770346144069299,0.0866774298144471,0.09669938347280889,0.10707084146520933,0.11776188317310389,0.12874230055628544,0.13998159895386178,0.15144899935084333,0.16311342011760516,0.17494342656458003,0.18690728695846992,0.19897301262544692,0.2111083717890611,0.2231871951024608,0.23493762973746968,0.24612146283217093,0.2565379606088191,0.2660243774327993,0.274456510672461,0.2817493083490593,0.2878575302556747,0.29277645939090063,0.2965426576474861,0.2992347568911377,0.3,0.3,0.3,0.3,0.3,0.3,0.3,0.3,0.3,0.3,0.3,0.3,0.3,0.3,0.3,0.3,0.3,0.3,0.3,0.3,0.3,0.3,0.3,0.3,0.3,0.3,0.3,0.3,0.3,0.3,0.3,0.3,0.3,0.3,0.3,0.3,0.3,0.3,0.3,0.3,0.3,0.3,0.3,0.3,0.3,0.3,0.3,0.3,0.3,0.3,0.3,0.3,0.3,0.3,0.3,0.3,0.3,0.3,0.3,0.3,0.3,0.3,0.3,0.3,0.3,0.3,0.3,0.3,0.3,0.3,0.3,0.3,0.3,0.3,0.3,0.3,0.3,0.3,0.3,0.3,0.3,0.3,0.3,0.3,0.3,0.3,0.3,0.3,0.3,0.3,0.3,0.3,0.3,0.3,0.3,0.3,0.3,0.3,0.3,0.3,0.3,0.3,0.3,0.3,0.3,0.3,0.3,0.3,0.3,0.3,0.3,0.3,0.3,0.3,0.3,0.3,0.3,0.3,0.3,0.3,0.3,0.3,0.3,0.3,0.3,0.3,0.3,0.3,0.3,0.3,0.3,0.3,0.3,0.3,0.3,0.3,0.3,0.3,0.3,0.3,0.3,0.3,0.3,0.3,0.3,0.3,0.3,0.3,0.3,0.3,0.3,0.3,0.3,0.3,0.3,0.3,0.3,0.3,0.3,0.3,0.3,0.3,0.3,0.3,0.3,0.3,0.3,0.3,0.3,0.3,0.3,0.3,0.3,0.3,0.3,0.3,0.3,0.3,0.3,0.3,0.3,0.3,0.3,0.3,0.3,0.3,0.3,0.3,0.3,0.3,0.3,0.3,0.3,0.3,0.3,0.3,0.3,0.3,0.3,0.3,0.3,0.3,0.3,0.3,0.3,0.3,0.3,0.3,0.3,0.3,0.3,0.3,0.3,0.3,0.3,0.3,0.3,0.3,0.3,0.3,0.3,0.3,0.3,0.3,0.3,0.3,0.3,0.3,0.3,0.3,0.3,0.3,0.3,0.3,0.3,0.3,0.3,0.3,0.3,0.3,0.3,0.3,0.3,0.3,0.3,0.3,0.3,0.3,0.3,0.3,0.3,0.3,0.3,0.3,0.3,0.3,0.3,0.3,0.3,0.3,0.3,0.3,0.3,0.3
k,2.3076923076923075,2.244867628406916,2.274987745568685,2.3055334036500756,2.3365381660680664,2.368035355356829,2.400051621889043,2.432604968634247,2.465705091967304,2.499354735993034,2.533551335600419,2.5682885713190906,2.603557675855237,2.6393484653954893,2.6756501442255503,2.7124519644363327,2.74974382417009,2.7875168670618353,2.825764111268754,2.86448109796771,2.903648390749484,2.9432045999185528,2.9831336732082527,3.0234509077697154,3.064181531983541,3.105548734272861,3.147904296820705,3.191403704780936,3.23615446416242,3.282221882120702,3.329633935371219,3.3783857233151746,3.4284426780531168,3.4797427387667157,3.5321981076495996,3.58569701995719,3.6401053316589755,3.6941459237609475,3.748867107481915,3.804785164736948,3.861811650821212,3.9199068429902617,3.9790403294043926,4.039188601390878,4.10033352632989,4.1624613204924685,4.2255618204630325,4.2896279417305125,4.354655260554026,4.420641681230489,4.48758716549367,4.55549350912133,4.624364155688739,4.694204040312655,4.765019458036002,4.83681795268901,4.909608222892303,4.9834000424853215,5.058204193146549,5.1340324073615236,5.210897320213607,5.288812428735043,5.367792057771807,5.447851331493018,5.529006149820801,5.611273169175169,5.694669787025631,5.779214129820885,5.86492504393352,5.951822089310872,6.039925535568248,6.129256360298397,6.219836249402816,6.3116875992771995,6.404833520706201,6.499297844342053,6.595105127658398,6.692280663285073,6.790850488642164,6.890841396802533,6.992280948521639,7.095197485381833,7.199620144005773,7.305578731396608,7.413096692542464,7.522193956060783,7.632890937292366,7.7452085306552325,7.859168102957644,7.974791487603554,8.092100979629205,8.21111933151456,8.33186974971781,8.454375891885327,8.578661864693217,8.704752222280138,8.832671965234173,8.962446540099515,9.094101839371389,9.227664201950084,9.363160414027291,9.50061771037997,9.640063776048947,9.781526748381216,9.925035219416527,10.070618238600414,10.218305315807168,10.368126424657605,10.52011200611763,10.67429297236476,10.83070071091077,10.989367088969571,11.150324458060346,11.313605658836785,11.479244026133967,11.64727339422526,11.817728102282125,11.990643000030445,12.166053453597508,12.343995351544281,12.524505111078176,12.707619684441887,12.893376565474377,13.081813796340407,13.272969974425477,13.466884259393275,13.663596380403163,13.863146643485441,14.065575939072474,14.270925749683995,14.479238157765154,14.690555853676118,14.904922143832225,15.122380958993924,15.342976862705898,15.566755059884953,15.793761405556427,16.02404241373904,16.257645266478196,16.49461782302801,16.73500862918229,16.978866926755025,17.226242663210854,17.47718650144626,17.73174982972222,17.989984771749267,18.25194419692585,18.517681730731123,18.787251765273286,19.06070946999474,19.338110802535326,19.61951251975507,19.90497218891788,20.19454819903772,20.488299772388842,20.786286976181774,21.08857073440673,21.39521283984625,21.70627596625889,22.021823680735878,22.341920456232646,22.666631684277252,22.99602368785775,23.33016373449059,23.669120049472202,24.012961829315966,24.361759255376825,24.715583507665777,25.07450677885665,25.438602288487527,25.80794429735918,26.1826081221331,26.562670150131524,26.94820785434211,27.339299808629807,27.736025703158553,28.13846636002557,28.546703749110886,28.96082100414492,29.380902438996927,29.807033564187183,30.239301103625756,30.677793011580874,31.122598489879834,31.573808005345487,32.031513307471386,32.495807446338716,32.96678479077813,33.44454104677971,33.92917327615438,34.42077991544986,34.91946079512477,35.42531715898399,35.93845168387893,36.458968499676025,36.98697320949704,37.52257291023473,38.06587621334748,38.616993265936564,39.17603577210973,39.74311701463484,40.318351876887455,40.90185686509605,41.49375013088893,42.09415149414667,42.70318246616415,43.320966273126174,43.94762787990082,44.583294014154646,45.22809319079395,45.88215573673637,46.54561381601712,47.218601455234115,47.901254569336686,48.593710987762,49.29611048092397,50.008594787059145,50.7313076394342,51.464394793919794,52.20800405693547,52.962285313770465,53.7273905572853,54.50347392113875,55.290691737248366,56.089202538539716,56.899167081837604,57.720748378422606,58.55411172504018,59.39942473536377,60.25685737191385,61.126581978435055,62.00877331273387,62.90360857997959,63.81126746647151,64.73193217387562,65.66578745393413,66.61302064365171,67.57382170096209,68.54838324087932,69.53690057213787,70.53957173432599,71.55659753551716,72.58818159040432,73.6345303589419,74.69585318550091,75.7723623385422,76.86427305081364,77.97180356007662,79.09517515036777,80.23461219380165,81.39034219292074,82.56259582359854,83.75160697850244,84.95761281112254,86.18085378037318,87.4215736957737,88.6800197632154,89.95644263132154,91.25109643840744,92.56423886004796,93.89613115725948,95.24703822530384,96.61722864312199,98.00697472340455,99.41655256330743,100.84624209582013,102.2963271417948,103.76709546264416,105.25883881371634,106.77185299835512,108.30643792265388,109.86289765091193,111.44154046180152,113.04267890525483,114.66662986007925,116.31371459231038,117.98425881431149,119.67859274462896,121.39705116861269,123.13997349981128,124.90770384215114,126.70059105290959,128.51898880649136,130.36325565901865,132.23375511374468,134.1308556873008,136.0549309767875,138.00635972771965,139.9855259028365,141.992818751787,144.0286328817011,146.0933683286582,148.18743063006335,150.31123089794266,152.46518589316875,154.64971810062806,156.86525580534118,159.11223316954798,161.3910903107693,163.7022733808569,166.04623464604407
cumAbateTech_0,0.0,0.13789873626711074,0.2582804814248114,0.4019450904801336,0.5618251386194127,0.7326673953373077,0.9107273965662422,1.0935196363482524,1.2796081417936667,1.4684260459943086,1.6601158801608902,1.8553848597903915,2.055371557214352,2.2615221037754387,2.475475481514292,2.698958554120516,2.9336922444451026,3.181310683568374,3.4432952346955434,3.7209250503476596,4.014700552808132,4.3231144288902605,4.644157109891633,4.975503087043694,5.314608772607515,5.658827630712672,6.0095665362819535,6.373838596338082,6.756166807026245,7.158753019592514,7.581889551929939,8.024432980816067,8.484311432804832,8.95903755523813,9.446199250889114,9.943899257582904,10.451112903587243,10.99179348386944,11.542289226976731,12.092091197135213,12.644659033561375,13.199950972745095,13.757949076602392,14.318653437124384,14.882077364660697,15.448243555853834,16.017181156622563,16.58892359270169,17.163507025059975,17.74096929130926,18.3213492094992,18.90468614147907,19.49101973495552,20.080389783698205,20.672836162570924,21.268398807700983,21.86711772228835,22.46903299579009,23.074184829114067,23.682613561625935,24.294359697735235,24.90946393198559,25.52796717222552,26.149910560781247,26.775335493721258,27.404283638373798,28.036796949280046,28.672917682763057,29.312688410279605,29.956152030705816,30.603351781690858,31.254331250197627,31.909134382335456,32.56780549257775,33.2303892724466,33.89693079873718,34.56747554134625,35.24206937076209,35.92075856526668,36.60358981789529,37.2906102431937,37.981867383808954,38.67740921694553,39.37728416071533,40.08154107636094,40.79022906843504,41.50339737391501,42.221095368614336,42.943372572963995,43.67027865721434,44.40186344610388,45.13817692303734,45.87926923381174,46.62519068992614,47.37599177150752,48.131723129882616,48.892435589823044,49.658180151488665,50.42900799209212,51.20497046730553,51.98611911242852,52.772505643335194,53.564181957216185,54.36120013313052,55.163612432380795,55.97147129872408,56.784829358429825,57.60373942019512,58.428254474926874,59.25842769539948,60.094312435795956,60.93596223113978,61.7834307966241,62.63677202684427,63.49603999493929,64.36128895164723,65.23257332427913,66.10994771561568,66.99346690273032,67.88318583574241,68.77915963650352,69.6814435972197,70.59009317901231,71.50516401041983,72.42671188584266,73.3547927639329,74.28946276593081,75.23077817394942,76.17879542920888,77.13357113022148,78.09516203092878,79.06362503879141,80.03901721283293,81.0213957616379,82.01081804130536,83.00734155335789,84.01102394260697,85.02192299497489,86.04009663527364,87.06560292494105,88.09850005973426,89.1388463673809,90.18670030518788,91.24212045760792,92.30516553376391,93.37589436493091,94.45436590197593,95.54063921275522,96.63477347946905,97.73682799597375,98.84686216505095,99.96493549563361,101.09110759998889,102.22543819085732,103.36798707854821,104.51881416799091,105.67797945574166,106.84554302694569,108.02156505225423,109.20610578469612,110.39922555650358,111.60098477589187,112.81144392379242,114.03066355053893,115.25870427250622,116.49562676870133,117.74149177730636,118.9963600921728,120.26029255926674,121.53335007306471,122.81559357289946,124.10708403925541,125.4078824900133,126.71804997664339,128.03764758034703,129.36673640814575,130.70537758891788,132.05363226938155,133.4115616100243,134.77922678097826,136.15668895784054,137.54400931743854,138.94124903353938,140.34846927250308,141.7657311888789,143.19309592094444,144.63062458618674,146.07837827672523,147.53641805467552,149.0048049474539,150.4835999430217,151.9728639850693,153.4726579681388,154.98304273268533,156.5040790600758,158.03582766752524,159.57834920296958,161.13170423987458,162.69595327198044,164.27115670798113,165.8573748661383,167.45466796882883,169.0630961370258,170.68271938471196,172.31359761322517,173.9557906055355,175.60935802045296,177.27435938676564,178.95085409730737,180.63890140295453,182.33856040655118,184.0498900567621,185.7729491418529,187.50779628339677,189.25448992990724,191.01308835039606,192.783649627856,194.56623165266743,196.3608921159286,198.16768850270844,199.98667808522154,201.81791791592465,203.66147766510778,205.51752519664487,207.3862477930329,209.26783134286762,211.16246029885752,213.0703176353372,214.99158480527575,216.9264416967761,218.87506658906145,220.83763610794423,222.8143251807735,224.80530699085622,226.81075293134842,228.8308325586112,230.86571354502757,232.91556163127518,234.98054057805064,237.0608121172404,239.156535902534,241.2678694594743,243.39496813494054,245.53798504605888,247.69707102853587,249.87237458440998,252.0640418292159,254.2722164385571,256.4970395940812,258.7386499288535,260.9971834721234,263.2727735934787,265.5655509463822,267.8756434110864,270.20317603692007,272.548270983942,274.9110474639568,277.29162168088675,279.6901067704955,282.1066127394571,284.5412464037657,286.9941113264805,289.46530775480016,291.9549325564613,294.46307915545594,296.98983746706193,299.5352938321811,302.0995309509792,304.68262781582285,307.2846596435064,309.9056978067648,312.54580976506537,315.2050589946734,317.8835049179859,320.58120283212736,323.2982038368021,326.03455476139686,328.79029809132857,331.5654718936305,334.36010974177185,337.17424063970384,340.0078889451271,342.861074291974,345.73381151210003,348.62611055617833,351.5379764137907,354.46940903270985,357.4204032373661,360.39094864649263,363.3810295899432,366.39062502467567,369.4197084498961,372.46824782135576,375.53620546479584,378.6235379885333,381.73019619518146,384.8561249924985,388.0012633033585,391.1655439748376,394.3488936864095,397.55123285724346
cumAbateTech_1,1e-06,1.004830810592844e-06,1.004830810592844e-06,1.5788201139341177e-06,4.12766211719792e-06,1.0240767675398558e-05,2.1539939602895623e-05,3.961979308311841e-05,6.605950630807116e-05,0.00010248555976901625,0.00015066821053526477,0.00021263645963932634,0.00029079777989610687,0.0003880503171796374,0.0005078769775364199,0.0006544129620464829,0.0008324809842025989,0.0010475915505390445,0.0013059091388116827,0.0016141886082888897,0.00252442748904762,0.00634811182385041,0.01565222377222377,0.03309484062236681,0.06136194207326814,0.10309642471611863,0.1614981073963505,0.24142501046903372,0.34855566708172026,0.48907219775481153,0.6692613322653562,0.8950429850476271,1.171453583066229,1.5021115892683392,1.8886937573149736,2.330452479632777,2.8238069366593037,3.3868946489408644,3.984746333156946,4.589269693221451,5.1967975181751225,5.807224210337281,6.420469939161729,7.036474290311822,7.655190983833036,8.276583662927141,8.900622664148342,9.527282631073353,10.156540815659243,10.78837591494723,11.422767307173103,12.059694574025109,12.699137219881692,13.341074521235623,13.98548545850439,14.632348697472024,15.281642598852788,15.933345242450347,16.58743445778982,17.24388785659554,17.90268286464905,18.563796751838584,19.22720665992838,19.892889627956066,20.560822615351622,21.230982522950757,21.90334621209961,22.57789052204543,23.254592285794214,23.933428344598884,24.614375561223767,25.297410832114664,25.982511098588816,26.669653357145926,27.35881466898978,28.049972168839798,28.74310307310294,29.438184687468464,30.135194413981104,30.83410975764214,31.534908332582308,32.23756786784579,32.94206621282016,33.64838134234343,34.356491357447766,35.066374283583045,35.778007961329614,36.4913700558751,37.206438065816606,37.92318933134572,38.64160104186919,39.361650243113786,40.08331384375992,40.80656862164495,41.531391229573934,42.25775820077225,42.98564595401205,43.71503079844169,44.445888938145075,45.17819647645561,45.91192942004748,46.6470636828252,47.38357508963066,48.121439379785315,48.86063221048384,49.601129160054235,50.34290573109807,51.08593735352369,51.83019938748393,52.57566712622916,53.32231579888552,54.07012057316744,54.81905655803294,55.56909880628924,56.32022231715605,57.072402038792916,57.82561287079671,58.57982966667496,59.335027236300014,60.0911803483489,60.848263732733216,61.60625208302311,62.36512005886912,63.1248422884253,63.88539337077687,64.64674787837532,65.40888035948375,66.17176534063496,66.9353773291047,67.69969081540218,68.46468027578003,69.23032017476545,69.99658496771444,70.76344910339068,71.53088702657068,72.2988731806765,73.06738201043761,73.836387964583,74.60586549856465,75.37578907731385,76.1461331780309,76.91687229300962,77.68798093249754,78.45943362759242,79.23120493317626,80.00326943088743,80.77560173213183,81.5481764811337,82.32096835802682,83.09395208198698,83.86710241440608,84.64039416210866,85.41380218061164,86.1873013774275,86.96086671541187,87.73447321615586,88.50809596342381,89.28171010663695,90.05529086440353,90.82881352809602,91.60225346547575,92.37558612436568,93.14878703637167,93.92183182065286,94.69469618774157,95.46735594341335,96.2397869926075,97.0119653433987,97.78386711102013,98.55546852193872,99.32674591798282,100.09767576052295,100.868234634706,101.63839925374347,102.40814646325413,103.17745324566167,103.9462967246478,104.7146541696613,105.48250300048352,106.24982079185078,107.01658527813422,107.78277435807757,108.54836609959342,109.31333874461826,110.07767071402712,110.84134061260811,111.60432723409735,112.36660956627499,113.12816679612261,113.88897831504272,114.6490237241407,115.40828283956989,116.1667356979402,116.92436256179086,117.68114392512786,118.4370605190265,119.19209331729981,119.9462235422331,120.69943267038543,121.45170243845851,122.20301484923338,122.95335217757578,123.70269697651045,124.45103208336515,125.19834062598478,125.9446060290164,126.68981202026548,127.43394263712422,128.17698223307227,128.9189154842506,129.65972739610913,130.3994033101286,131.13792891061735,131.8752902315836,132.61147366368382,133.34646596124801,134.08025424938197,134.81282603114784,135.5441691948231,136.27427202123874,137.00312319119743,137.73071179297193,138.45701448531102,139.18190992234636,139.90525752960357,140.62691831717842,141.34675492227166,142.06463165222718,142.78041452807778,143.49397132860364,144.20517163490734,144.9138868755109,145.6199903719784,146.32335738506956,147.02386516142852,147.72139298081225,148.41582220386343,149.10703632043234,149.79492099845226,150.47936413337305,151.16025589815783,151.83748879384677,152.5109577006935,153.18055992987814,153.84619527580213,154.5077660689694,155.16517722945883,155.81833632099256,156.4671536056052,157.11154209891882,157.75141762602837,158.38669887800285,159.0173074690067,159.64316799404693,160.26420808735045,160.88035848137724,161.49155306647387,162.09772895117294,162.69882652314337,163.29478951079673,163.88556504555487,164.47110372478403,165.05135967540093,165.62629061815585,166.19585793259816,166.7600267227299,167.31876588335243,167.872048167112,168.41985025224943,168.96215281105947,169.49894057906556,170.03020242491544,170.55593142100315,171.07612491482323,171.59078460106272,172.0999165944367,172.603531503273,173.10164450385207,173.59427541550775,174.0814487764945,174.5631939206275,175.039545054701,175.51054133669126,175.97622695474976,176.43665120699276,176.89186858209348,177.3419388406825,177.78692709756288,178.2269039047459,178.66194533531376,179.0921330681151,179.51755447329984,179.9383026986997,180.35447675706,180.76618161413006,181.17352827761746,181.57663388701343,181.97562180429512,182.3706217055115,182.7617696732593,183.1492082900552
dk,-0.0628246792853916,0.030120117161769017,0.030545658081390925,0.031004762417990717,0.031497189288762634,0.03201626653221348,0.032553346745204076,0.03310012333305684,0.03364964402573023,0.034196599607385136,0.03473723571867149,0.035269104536146345,0.03579078954025244,0.0363016788300608,0.03680182021078238,0.03729185973375748,0.037773042891745434,0.03824724420691866,0.038716986698955846,0.03916729278177411,0.03955620916906877,0.03992907328969986,0.04031723456146247,0.04073062421382556,0.041367202289320115,0.04235556254784406,0.043499407960230885,0.04475075938148404,0.04606741795828201,0.04741205325051673,0.04875178794395585,0.05005695473794214,0.05130006071359883,0.052455368882883935,0.05349891230759002,0.05440831170178556,0.05404059210197193,0.05472118372096757,0.055918057255032794,0.05702648608426403,0.05809519216904996,0.05913348641413074,0.060148271986484814,0.06114492493901191,0.0621277941625783,0.06310049997056438,0.06406612126747968,0.0650273188235132,0.06598642067646299,0.06694548426318142,0.0679063436276604,0.06887064656740932,0.06983988462391555,0.07081541772334699,0.07179849465300892,0.07279027020329304,0.07379181959301839,0.07480415066122781,0.07582821421497443,0.07686491285208352,0.0779151085214359,0.07897962903676348,0.08005927372121102,0.08115481832778304,0.08226701935436809,0.08339661785046215,0.08454434279525425,0.0857109141126351,0.08689704537735199,0.08810344625737487,0.08933082473014975,0.09057988910441839,0.09185134987438426,0.09314592142900102,0.09446432363585189,0.0958072833163448,0.09717553562667591,0.09856982535709069,0.09999090816036904,0.10143955171910568,0.1029165368601942,0.10442265862393996,0.1059585873908353,0.10751796114585632,0.10909726351831905,0.11069698123158322,0.11231759336286673,0.11395957230241116,0.11562338464590971,0.11730949202565011,0.11901835188535503,0.12075041820325105,0.12250614216751676,0.12428597280789033,0.1260903575869209,0.12791974295403463,0.12977457486534227,0.13165529927187292,0.13356236257869503,0.13549621207720686,0.1374572963526779,0.13944606566897688,0.141462972332268,0.14350847103531128,0.14558301918388672,0.14768707720675467,0.14982110885043665,0.15198558146002417,0.15418096624713074,0.1564077385460101,0.1586663780587998,0.16095736909077618,0.16328120077643793,0.16563836729718306,0.16802936809129254,0.1704547080568637,0.17291489774832014,0.1754104535670622,0.17794189794677306,0.18050975953389448,0.1831145733637125,0.18575688103248966,0.18843723086603137,0.1911561780850699,0.1939142849677986,0.19671212100988789,0.19955026308227786,0.20242929558703282,0.20534981061152036,0.20831240808115914,0.21131769591096328,0.21436629015610653,0.21745881516169918,0.22059590371197446,0.2237781971790549,0.22700634567147548,0.23028100818261077,0.23360285273915582,0.23697255654981042,0.24039080615428143,0.24385829757273703,0.24737573645583133,0.25094383823540345,0.25456332827596206,0.2582349420270491,0.26195942517658377,0.26573753380527165,0.2695700345421639,0.2734577047214548,0.2774013325405864,0.2814017172197456,0.28545966916281174,0.2895760101198377,0.293751573351122,0.29798720379293275,0.3022837582249571,0.3066421054395172,0.3110631264126402,0.31554771447698915,0.3200967754967685,0.32471122804460606,0.3293920035804989,0.33414004663283947,0.3389563149816106,0.3438417798437654,0.3487974260608575,0.35382425228895054,0.3589232711908763,0.36409550963087645,0.369342008871655,0.37466382477391846,0.38006202799842415,0.3855377042105883,0.39109195428769494,0.3967258945287475,0.402440656867018,0.40823738908531526,0.4141172550340322,0.4200814348520079,0.4261311251902562,0.43226753943857377,0.43849190795511905,0.44480547829896055,0.45120951546565147,0.4577053021259019,0.4642941388673325,0.47097734443941075,0.4777562560015869,0.48463222937466544,0.49160663929548276,0.4986808796749056,0.5058563638592188,0.5131345248949426,0.5205168157970959,0.5280047098210128,0.5355997007376883,0.5433033031127499,0.5511170525890834,0.5590425061731619,0.5670812425251137,0.5752348622526129,0.5835049882085928,0.5918932657928764,0.6004013632577418,0.6090309720174787,0.6177838069620236,0.6266616067746451,0.6356661342538228,0.6447991766393057,0.6540625459424252,0.6634580792807423,0.6729876392169993,0.6826531141025747,0.6924564184253148,0.7023994931619724,0.7124843061351731,0.7227128523750563,0.7330871544855952,0.743609263015677,0.7542812568349939,0.7651052435148324,0.7760833638534557,0.7872178161096146,0.7985108012913518,0.8099645432978857,0.8215812965850002,0.8333633466175758,0.8453130103235926,0.8574326365500813,0.8697246065212028,0.8821913342988159,0.8948352672457176,0.9076588864919231,0.9206647074041037,0.9338552800585074,0.9472331897175739,0.9608010573103787,0.9745615399172385,0.988517331258544,1.0026711621881157,1.0170258011911644,1.0315840548871575,1.0463487685375874,1.061322826559005,1.0765091530412878,1.091910712271443,1.1075305092629906,1.1233715902911472,1.139437043433885,1.1557299991190888,1.1722536306777993,1.1890111549038966,1.2060058326201002,1.2232409692506359,1.2407199154005166,1.2584460674416995,1.276422868106133,1.2946538070859042,1.313142421640526,1.3318922972115068,1.3509070680443713,1.370190417818156,1.3897460802825687,1.4095778399028784,1.4296895325127004,1.4500850459746761,1.4707683208493645,1.4917433510721771,1.513014184638779,1.5345849242987768,1.5564597282580461,1.5786428108895958,1.6011384434533067,1.6239509548244175,1.6470847322311197,1.670544222001114,1.6943339303174625,1.71845842398373,1.7429223311985833,1.7677303423398634,1.792887210758451,1.818397753581765,1.844266852527289,1.8704994547260352,1.89710057355612,1.9240752894867086,1.951428750932175,1.9791661751168732,2.007292848950488,2.0358141299140833,2.0647354469570764,2.0940623014051543,2.1238002678793055,2.153954995226094,2.1845322074593003,2.2155377047131175,2.246977364206808,2.278857141221314,2.3111830700876013,2.343961265187172,-166.04623464604407
yGross,1.0,1.0017210304168946,1.015842080755813,1.030164922423573,1.0446960589275789,1.0594419857641273,1.074408327439189,1.0895995701855024,1.1050191055716254,1.120669411170634,1.136552271188616,1.1526689862702377,1.1690205506908002,1.1856077930544504,1.202431486831079,1.21949244161489,1.2367915862860623,1.2543300525114427,1.2721092624391104,1.2901310192642985,1.308395144672588,1.3268958278381446,1.3456334246351733,1.36461258102538,1.3838393458954001,1.4033466691257712,1.4231853701164239,1.443380356040785,1.4639501835402122,1.4849077643937396,1.5062609619364913,1.5280131390194274,1.5501635462753203,1.5727075791901972,1.5956369875615206,1.6189400951781219,1.6426020015357443,1.6664578178637959,1.6906475113409827,1.7152405788354146,1.7402284806914243,1.7656093262629087,1.79138254197369,1.8175485464413004,1.8441085443742689,1.8710643878949453,1.8984184781433247,1.9261736921548478,1.9543333264129967,1.982901051982753,2.0118808780954294,2.0412771221766692,2.071094384961594,2.10133752973041,2.1320116649397898,2.1631221296842646,2.1946744815333803,2.2266744863735726,2.2591281099490166,2.292041510848461,2.325421034728365,2.3592732095983893,2.3936047420247166,2.4284225141309164,2.4637335812958683,2.499545170464591,2.5358646790011035,2.572699674023449,2.610057892170022,2.6479472397538433,2.6863757932676435,2.725351800207863,2.7648836801900294,2.8049800263317253,2.845649606882497,2.886901367082765,2.928744431236112,2.9711881049813433,3.014241877752399,3.0579154254157674,3.1022186130763036,3.1471614980435434,3.192754332951597,3.2390075504182665,3.2859308291622433,3.333533474673867,3.3818249532344504,3.4308148922527586,3.4805130807503395,3.530929469987152,3.5820741742196156,3.6339574715838636,3.6865898050975847,3.739981783774337,3.7941441838447894,3.849087950079732,3.9048241972101776,3.9613642114402396,4.01871945204884,4.076901553076636,4.135922325094871,4.1957937570531065,4.256528018203122,4.318137460096435,4.380634618653179,4.444032216300274,4.508343164176993,4.573580564406242,4.639757712430035,4.706888099407766,4.774985414676086,4.844063548269277,4.914136593499148,4.985218849593641,5.057324824393371,5.130469237105504,5.204667021114396,5.2799333268485835,5.356283524703715,5.433733208021179,5.512298196122184,5.591994537397159,5.672838512450388,5.754846637299859,5.838035666632358,5.922422597113916,6.00802467075572,6.094859378335712,6.182944462876078,6.272297923176926,6.362938017406452,6.454883266747968,6.548152459104172,6.6427646528590945,6.738739180698166,6.836095653486926,6.934853964208886,7.035034291963062,7.13665710602183,7.239743169949642,7.344313545783284,7.450389598274288,7.557992999194259,7.667145731703711,7.777870094785249,7.890188707741799,8.004124514760647,8.11970078954411,8.236941140007662,8.35586951304631,8.476510199370116,8.598887838409734,8.723027423292837,8.848954305892379,8.976694201947604,9.106273196258773,9.237717747956559,9.371054695847134,9.506311263833908,9.643515066417013,9.782694114271516,9.92387681990546,10.067092003398825,10.212368898224451,10.359737157152136,10.509226858236966,10.660868510893074,10.814693062053985,10.970731902420763,11.129016872799143,11.28958027052691,11.452454855992753,11.61767385924787,11.78527098671161,11.955280427972484,12.127736862685824,12.302675467569486,12.480131923498936,12.660142422703116,12.84274367606251,13.02797292051079,13.215867926541565,13.40646700582164,13.599809018912305,13.79593338310018,13.99488008033909,14.196689665304616,14.401403273562808,14.609062629854757,14.819710056498536,15.03338848191028,15.250141449245966,15.470013125165666,15.693048308721927,15.919292440374102,16.14879161113027,16.381592571818697,16.6177427424905,16.857290221955473,17.100283797452867,17.34677295445906,17.596807886633993,17.85043950590839,18.10771945271367,18.368700106356535,18.633434595540397,18.901976809035517,19.174381406500057,19.45070382945417,19.731000312409176,20.01532789415414,20.303744429201856,20.59630859939675,20.89307992568662,21.194118780060915,21.499486397657424,21.809244889040247,22.123457252650894,22.44218738743547,22.76550010564997,23.0934611458465,23.42613718604271,23.763595857618668,24.10590576252057,24.453136483447366,24.805358596813715,25.162643686859262,25.525064359962293,25.892694259160585,26.265608078881264,26.643881579882713,27.02759160441037,27.41681609156963,27.811634092917945,28.212125788279184,28.61837250178285,29.030456718130974,29.448462099095668,29.872473500250155,30.302576987936447,30.738859856472445,31.181410645602075,31.630319158190996,32.08567647817183,32.54757498874152,33.01610839081482,33.49137172173674,33.973461374258015,34.46247511577649,34.9585121078487,35.461672925974575,35.97205957965975,36.48977553275844,37.0149257241015,37.54761658841279,38.087956077518484,38.63605368185285,39.19202045226477,39.755969022129094,40.32801362976694,40.908270141179436,41.49685607309876,42.09389061636147,42.69949465960784,43.313790813312536,43.936903434150224,44.56895864970184,45.21008438350506,45.86041038045491,46.52006823255819,47.18919140504767,47.867915262860215,48.556377097484365,49.25471615418218,49.96307365959086,50.681592849708984,51.41041899827308,52.149699445529535,52.8995836274079,53.66022310510026,54.431771595053384,55.21438499937819,56.00822143668345,56.81344127333867,57.6302071551725,58.458684039612976,59.299039228274886,60.15144240000138,61.01606564436537,61.89308349563758,62.78267296722737,63.685013586602985,64.60028743069786,65.52867916180982,66.47037606399954,67.42556807999587,68.3944478486143,69.37721074269609,70.37405490757516,71.38518130007994,72.41079372807762
damageFrac,0.0,8.581200755527689e-09,8.773888917466466e-08,3.028297249729809e-07,7.276523176700703e-07,1.4459659262400886e-06,2.5496315387454313e-06,4.136804257179769e-06,6.310177193347418e-06,9.175277084203126e-06,1.2838812259359104e-05,1.740707418419068e-05,2.29843943877606e-05,2.9671659084121854e-05,3.7564884196192014e-05,4.675385382010673e-05,5.732082546033995e-05,6.933930564237885e-05,8.287289976262467e-05,9.797424022839899e-05,0.00011468399702185871,0.0001330299391123118,0.00015302601249078305,0.0001746716695908791,0.0001979512987662313,0.00022283372319714228,0.00024906262028851953,0.000275978449333302,0.0003028788723332385,0.0003290586261666601,0.00035384484694254227,0.0003766318812525135,0.0003969133637758665,0.0004143097886244833,0.00042859027586735843,0.0004396877390231708,0.00044770719865849145,0.00045,0.00045,0.00045,0.00045,0.00045,0.00045,0.00045,0.00045,0.00045,0.00045,0.00045,0.00045,0.00045,0.00045,0.00045,0.00045,0.00045,0.00045,0.00045,0.00045,0.00045,0.00045,0.00045,0.00045,0.00045,0.00045,0.00045,0.00045,0.00045,0.00045,0.00045,0.00045,0.00045,0.00045,0.00045,0.00045,0.00045,0.00045,0.00045,0.00045,0.00045,0.00045,0.00045,0.00045,0.00045,0.00045,0.00045,0.00045,0.00045,0.00045,0.00045,0.00045,0.00045,0.00045,0.00045,0.00045,0.00045,0.00045,0.00045,0.00045,0.00045,0.00045,0.00045,0.00045,0.00045,0.00045,0.00045,0.00045,0.00045,0.00045,0.00045,0.00045,0.00045,0.00045,0.00045,0.00045,0.00045,0.00045,0.00045,0.00045,0.00045,0.00045,0.00045,0.00045,0.00045,0.00045,0.00045,0.00045,0.00045,0.00045,0.00045,0.00045,0.00045,0.00045,0.00045,0.00045,0.00045,0.00045,0.00045,0.00045,0.00045,0.00045,0.00045,0.00045,0.00045,0.00045,0.00045,0.00045,0.00045,0.00045,0.00045,0.00045,0.00045,0.00045,0.00045,0.00045,0.00045,0.00045,0.00045,0.00045,0.00045,0.00045,0.00045,0.00045,0.00045,0.00045,0.00045,0.00045,0.00045,0.00045,0.00045,0.00045,0.00045,0.00045,0.00045,0.00045,0.00045,0.00045,0.00045,0.00045,0.00045,0.00045,0.00045,0.00045,0.00045,0.00045,0.00045,0.00045,0.00045,0.00045,0.00045,0.00045,0.00045,0.00045,0.00045,0.00045,0.00045,0.00045,0.00045,0.00045,0.00045,0.00045,0.00045,0.00045,0.00045,0.00045,0.00045,0.00045,0.00045,0.00045,0.00045,0.00045,0.00045,0.00045,0.00045,0.00045,0.00045,0.00045,0.00045,0.00045,0.00045,0.00045,0.00045,0.00045,0.00045,0.00045,0.00045,0.00045,0.00045,0.00045,0.00045,0.00045,0.00045,0.00045,0.00045,0.00045,0.00045,0.00045,0.00045,0.00045,0.00045,0.00045,0.00045,0.00045,0.00045,0.00045,0.00045,0.00045,0.00045,0.00045,0.00045,0.00045,0.00045,0.00045,0.00045,0.00045,0.00045,0.00045,0.00045,0.00045,0.00045,0.00045,0.00045,0.00045,0.00045,0.00045,0.00045,0.00045,0.00045,0.00045,0.00045,0.00045,0.00045,0.00045,0.00045,0.00045,0.00045,0.00045,0.00045,0.00045,0.00045,0.00045,0.00045,0.00045,0.00045,0.00045,0.00045,0.00045,0.00045,0.00045,0.00045,0.00045,0.00045,0.00045,0.00045,0.00045,0.00045,0.00045,0.00045,0.00045,0.00045,0.00045,0.00045,0.00045
damages,0.0,8.59596933680517e-09,8.912886356246252e-08,3.119646546065133e-07,7.601760616833142e-07,1.5319192273460694e-06,2.7393523414688097e-06,4.507478787122068e-06,6.972910358491149e-06,1.0282546712496547e-05,1.4592168578851677e-05,2.006494382578757e-05,2.686984697163437e-05,3.5179994091781016e-05,4.517089639615662e-05,5.701863719101586e-05,7.089797857897597e-05,8.698040604847192e-05,0.00010543212085880649,0.00012641199152633518,0.000150069195410205,0.0001765403563385435,0.0002059484327136741,0.00023840079973814395,0.0002739870318926147,0.00031278266174267135,0.0003545505827346437,0.00039845183657827803,0.00044353391779556044,0.0004887825470490367,0.0005331713394629506,0.0005757152958623918,0.0006155249376283454,0.0006518582159420735,0.0006841677243168574,0.0007121412298300346,0.0007357341340865285,0.0007502436276711601,0.0007611338903541014,0.0007722057530648157,0.0007834553712281935,0.0007948818936704605,0.0008064850621661352,0.0008182650651779151,0.0008302224450687019,0.0008423580356687763,0.0008546729179775859,0.0008671683872439412,0.0008798459275532474,0.0008927071916284716,0.0009057539844359393,0.0009189882496918625,0.0009324120586591139,0.0009460276007990441,0.0009598371759520838,0.0009738431877924256,0.0009880481383522796,0.0010024546234486593,0.001017065328875051,0.0010318830272440672,0.0010469105753866882,0.0010621509122297785,0.0010776070570868116,0.0010932821083076507,0.0011091792422421496,0.0011253017124796816,0.0011416528493326961,0.0011582360595373438,0.0011750548261482766,0.001192112708608103,0.0012094133429747782,0.0012269604422925698,0.0012447577970942055,0.0012628092760234868,0.0012811188265690798,0.0012996904759013997,0.0013185283318055629,0.0013376365837042715,0.001357019503765274,0.0013766814480887352,0.0013966268579704232,0.001416860261237151,0.0014373862736513617,0.001458209592004622,0.0014793345736811658,0.0015007654080368565,0.0015225063568160698,0.0015445617543031777,0.001566936007541046,0.001589633596612694,0.001612659074982569,0.001636017069894191,0.0016597122828211825,0.0016837494899689376,0.001708133542824426,0.0017328693687518177,0.0017579619716318142,0.001783416432542752,0.0018092379104816946,0.001835431643123892,0.0018620029476191205,0.0018889572214235383,0.0019162999431658295,0.0019440366735464913,0.0019721730562692517,0.002000714819003675,0.002029667774378117,0.00205903782100226,0.002088830944518549,0.0021190532186819012,0.002149710806467149,0.002180809961203716,0.002212357027737098,0.002244358443616766,0.002276820740310156,0.0023097505444424756,0.002343154579062056,0.0023770396649310816,0.0024114127218415,0.0024462807699560107,0.0024816509311740105,0.0025175304305224563,0.002553926597571582,0.00259084686787548,0.0026282987844375577,0.002666289999200902,0.0027048282745636273,0.002743921484919284,0.0027835776182224352,0.0028238047775795273,0.0028646111828651926,0.0029060051723641496,0.002947995204438875,0.002990589859223243,0.0030337978403423282,0.003077627976658613,0.0031220892240448185,0.0031671906671836103,0.0032129415213944506,0.003259351134487858,0.0033064289886473685,0.0033541847023394822,0.00340262803225193,0.003451768875260537,0.0035016172704250533,0.003552183401014265,0.003603477596560743,0.003655510334945575,0.0037082922445134787,0.003761834106218637,0.0038161468558016625,0.003871241585998079,0.003927129548778727,0.0039838221576225,0.004041330989821841,0.0040996677888214175,0.0041588444665904166,0.004218873106028922,0.0042797659634087925,0.004341535470849538,0.004404194238829655,0.004467755058733887,0.004532230905436917,0.004597634939923968,0.004663980511948837,0.004731281162729863,0.004799550627684341,0.004868802839201934,0.004939051929457598,0.005010312233264583,0.005082598290968045,0.00515592485137986,0.00523030687475518,0.005305759535811339,0.005382298226789674,0.005459938560560873,0.005538696373774467,0.005618587730053045,0.005699628923231856,0.005781836480644419,0.0058652271664547595,0.00594981798503697,0.0060356261844027185,0.006122669259677391,0.006210964956625562,0.006300531275226442,0.006391386473300061,0.0064835490701848466,0.00657703785046735,0.006671871867764835,0.006768070448561477,0.006865653196098928,0.0069646399943219936,0.007065051011880213,0.007166906706186129,0.00727022782753101,0.00737503542325888,0.007481350841999624,0.007589195737962045,0.007698592075287669,0.0078095621324661855,0.007922128506813363,0.00803631411901233,0.008152142217719125,0.008269636384233345,0.008388820537234934,0.008509718937587897,0.00863235619321197,0.008756757264023187,0.008882947466944253,0.009010952480985806,0.009140798352399414,0.009272511499903493,0.009406118719982972,0.009541647192263929,0.009679124484964075,0.0098185785604203,0.009960037780694214,0.010103530913256926,0.010249087136754025,0.010396736046852007,0.010546507662167193,0.010698432430522134,0.010852541236690768,0.011008865406984456,0.01116743671508796,0.011328287388411452,0.011491450114534571,0.011656958047743747,0.011824844815663618,0.011995144525983912,0.012167891773282643,0.012343121645947008,0.01252086973319301,0.012701172132185115,0.012884065455257148,0.013069586837235693,0.013257773942867338,0.013448664974351026,0.01364229867897694,0.013838714356873193,0.01403795186886192,0.01424005164442594,0.014445054689787726,0.01465300259610193,0.01486393754776316,0.015077902330830407,0.015294940341569812,0.015515095595117222,0.015738412734262328,0.015964937038355817,0.01619471443234144,0.01642779149591446,0.016664215472808438,0.01690403428021185,0.01714729651831656,0.01739405147999978,0.017644349160641434,0.017898240268078725,0.018155776232699837,0.0184170092176787,0.01868199212935265,0.018950778627745146,0.019223423137235286,0.019499980857376458,0.01978050777386584,0.02006506066966718,0.020353697136288606,0.020646475585218056,0.020943455259517966,0.021244696245581965,0.02155025948505537,0.021860206786922076,0.02217460083975987,0.02249350522416676,0.022816984425360454,0.02314510384595356,0.023477929818906795,0.023815529620662853,0.024157971484463123,0.024505324613850254,0.024857659196358545,0.02521504641739538,0.02557755847431584,0.025945268590693436,0.02631825103078969,0.0266965811142251,0.027080335230854503,0.027469590855849546,0.027864426564991156,0.028264922050174893,0.028671158135132147,0.029083216791370152,0.029501181154333866,0.029925135539792695,0.030355165460455344,0.030791357642815702,0.031233800044233147,0.03168258187025043,0.032137793592152436,0.03259952696476907
y,0.9980983914381881,1.0002670922048422,1.013789609766917,1.0276449109783017,1.0418432702496099,1.0563694761017945,1.0711977918506692,1.086300261200918,1.1016508101653537,1.1172269031611533,1.133009834209252,1.1489843559577988,1.1651381063412303,1.1814611185088133,1.1979455636618344,1.21458576564588,1.231378438389106,1.2483230359461692,1.2654220744405729,1.282609894737277,1.2997083996828014,1.3168665763343068,1.334195986066919,1.3517359291329663,1.3695150836880667,1.387282787433528,1.404604596189727,1.4215717584357843,1.4382926751282188,1.454890017086612,1.471499763192631,1.4882673177826375,1.5053445267870673,1.5228892617925767,1.5410670681963197,1.5600526555260548,1.5758026941394165,1.5969388944987215,1.6218561611218947,1.6471087790877692,1.6726557941141167,1.6985173453773341,1.7247079720975393,1.7512390215184872,1.7781199548652038,1.805359083193642,1.8329639960495832,1.8609418199359478,1.889299380516062,1.9180433092782532,1.9471801173322634,1.9767162490263457,2.006658122539142,2.037012161553076,2.0677848204581446,2.0989826046409052,2.130612086927575,2.1626799209746874,2.195192852230166,2.2281577269685644,2.261581499811705,2.2954712400694945,2.3298341371710896,2.3646775054023528,2.400008788120584,2.4358355615809932,2.4721655384801116,2.5090065712982117,2.5463666555046904,2.5842539326762584,2.6226766935668033,2.661643381159326,2.701162593723717,2.741243087899023,2.7818937818148934,2.8231237582637245,2.8649422679326664,2.907358732702711,2.950382749020608,2.99402409134823,3.0382927156930686,3.0831987632228777,3.1287525639669207,3.174964622365468,3.221844702111994,3.2694021986948494,3.317646663007397,3.366587802102954,3.4162354800602657,3.4665997189549795,3.517690699932821,3.569518764380399,3.6220944151898036,3.675428318113341,3.7295313032050568,3.784414366345824,3.840088670849055,3.8965655491442823,3.9538565045360166,4.011973213035542,4.070927525263443,4.13073146842083,4.191397248327439,4.252937251524878,4.315364047443475,4.37869039063133,4.442929223044274,4.508093676395573,4.574197074564373,4.641252936061914,4.709274976554734,4.778277111444102,4.848273458501084,4.919278340556672,4.991306288246535,5.064372042810009,5.138490558943,5.213677007704603,5.289946779477207,5.367315486980037,5.445798968336028,5.52541329019208,5.606174750892705,5.6880998837072205,5.7712054601105915,5.855508493118157,5.941026240674461,6.027776209096464,6.115776156571481,6.205044096710156,6.295598302154892,6.387457308244148,6.480639916733072,6.5751651995709235,6.671052502735819,6.768321450127347,6.866991947517605,6.967084186561253,7.068618648865223,7.171616110118697,7.276097644284053,7.382084627849432,7.489598744143686,7.598661987714384,7.709296668769673,7.821525417684767,7.935371189573834,8.050857268928103,8.168007274321072,8.286845163181589,8.407395236635756,8.529682144418505,8.653730889855769,8.77956683491818,8.907215705347229,9.036703595854872,9.16805697539755,9.301302692525642,9.43646798080932,9.573580464341934,9.712668163321887,9.853759499714139,9.996883302992384,10.142068815963054,10.289345700672227,10.438744044396644,10.59029436571992,10.744027620695201,10.899975209095437,11.058168980752475,11.218641241986226,11.381424762125171,11.546552780119436,11.714059011247794,11.883977653919839,12.056343396574706,12.231191424677675,12.408557427816037,12.588477606895575,12.770988681439158,12.956127896988747,13.143933032612399,13.334442408517653,13.527694893772814,13.723729914137696,13.92258746000525,14.124308094455763,14.328932961425123,14.53650379398878,14.747062922763035,14.96065328442528,15.1773184303549,15.397102535396481,15.620050406747087,15.846207492969336,16.07561989313201,16.30833436608005,16.5443983398357,16.783859921132667,17.026767905085155,17.27317178499371,17.523121762289673,17.776668756620374,18.033864416076884,18.294761127566353,18.559412027331113,18.82787101161633,19.100192747488556,19.376432683807145,19.656647062350714,19.94089292910088,20.229228145685294,20.521711400982543,20.818402222890747,21.1193609902626,21.424648945008784,21.73432820437246,22.048461773376918,22.367113557449102,22.69034837522122,23.01823197151316,23.350831046219007,23.688213359778903,24.03044754807319,24.37760320081725,24.729750900249797,25.0869622353631,25.44930981633364,25.816867289155816,26.18970935048073,26.567911762662888,26.951551369016848,27.340706109286934,27.735455035332116,28.13587832702917,28.542057308396686,28.95407446394272,29.37201345523918,29.79595913772559,30.22599757774553,30.662216069818555,31.10470315415102,31.55354863438856,32.008843595614,32.47068042259346,32.93915281827436,33.41435582253861,33.89638583121447,34.385340615350515,34.881319340755546,35.38442258780761,35.89475237153646,36.412412161982566,36.937506904837015,37.47014304236572,38.01042853462232,38.55847288095335,39.11438714179999,39.67828396080036,40.250277587196635,40.83048389855113,41.41902042377558,42.01600636647828,42.62156262863299,43.23581183457462,43.858878355325736,44.49088833325906,45.131969707099856,45.78225223727394,46.44186753160502,47.110949071367294,47.789632237697305,48.478054338370846,49.17635463494934,49.88467437030144,50.603156796504486,51.331947203131634,52.071192945929575,52.82104347589279,53.5816503687391,54.35316735479315,55.13575034928231,55.92955748305183,56.73474913370429,57.55148795716955,58.37993891971145,59.22026933037663,60.07264887389247,60.93724964401966,61.81424617736621,62.70381548766906,63.60613710054992,64.52139308875172,65.44976810786272,66.39144943253457,67.34662699320181,68.31549341330889,69.2982440470527,70.29507701764722,71.30619325611748,72.33179614766985
c,0.830153839954349,0.7456602122023817,0.7557451771286576,0.7660868081953034,0.7766922643540406,0.7875496740338981,0.7986392829165608,0.8099396410044365,0.8214306569428931,0.8330948299544647,0.8449174649305387,0.8568863942897433,0.8689915492154541,0.8812245931392035,0.8935787290284969,0.9060487094684893,0.9186310130803516,0.931324105033067,0.9441286766147416,0.9569944921587319,0.9697873514387843,0.9826170430527517,0.9955653841846313,1.0086602141421692,1.0217297282003925,1.0343723514583978,1.0463147585474257,1.0576806285762066,1.0686098107536948,1.0792557756240249,1.0897845817115532,1.100371790713178,1.1112001982681567,1.1224596190330212,1.1343483451237697,1.1470746418285502,1.157751568871547,1.1728031184016592,1.1910513931186704,1.2096037765298104,1.2283794368629455,1.247393174664177,1.2666556671706153,1.2861752364403876,1.3059588080696365,1.3260124511738307,1.3463416927358,1.3669517069393833,1.3878474337841964,1.409033656892023,1.4305150571552359,1.4522962515468034,1.4743818223463527,1.4967763397984637,1.5194843800015354,1.542510539168711,1.5658594450453265,1.5895357660649274,1.6135442187005367,1.6378895733803285,1.6625766592689084,1.6876103681592267,1.712995657672698,1.7387375539252679,1.7648411537841358,1.7913116268130143,1.8181542169822942,1.8453742442034882,1.8729771057339863,1.900968277487796,1.9293533152798288,1.958137856025068,1.9873276189090512,2.016928406542302,2.0469461061084213,2.0773866905131744,2.1082562195401504,2.1395608410171127,2.1713067919960225,2.203500399948871,2.2361480839807104,2.2692563560607546,2.302831962175508,2.336888788079951,2.3714377693394284,2.4064858218571876,2.4420399759152933,2.4781073767350192,2.5146952851185915,2.5518110781689742,2.5894622500845452,2.627656413025692,2.6664012980505056,2.7057047561169183,2.745574759148814,2.7860194011637756,2.8270468994602957,2.868665595862458,2.9108839580201824,2.9537105807633273,2.997154187508036,3.041223631713856,3.085927898390276,3.1312761056514447,3.1772775063179353,3.2239414895645337,3.271277582613121,3.319295452469788,3.3680049077054797,3.417415900279428,3.467538527404857,3.518383033456369,3.5699598119186113,3.6222794073758102,3.6753525175418456,3.7291899953306196,3.7838028509664676,3.839202254134496,3.895399536170683,3.952406192291715,4.0102338838644975,4.068894440715401,4.128399863479236,4.18876232598811,4.249994177700245,4.3121079461689416,4.375116339551866,4.439032249160887,4.503868752052714,4.569639113660598,4.6363567904674134,4.7040354327204295,4.77268888718815,4.842331199959556,4.912976619286174,4.984639598467377,5.057334798779352,5.131077092448193,5.2058815656675925,5.281763521661614,5.358738483793086,5.436822198718098,5.516030639587197,5.596380009293796,5.677886743770402,5.760567515333257,5.844439236075977,5.929519061312828,6.015824393072288,6.103372883641528,6.192182439162478,6.282271223280186,6.3736576608441435,6.466360441663285,6.560398524315412,6.655791140011738,6.752557796517359,6.850718282128376,6.950292669706442,7.051301320771577,7.153764889654015,7.257704327705914,7.363140887573769,7.4700961275323845,7.578591915881241,7.68865043540419,7.800294187893288,7.913545998737747,8.028429021578896,8.144966743032068,8.26318298747639,8.383101921913436,8.504748060895695,8.628146271525889,8.753321778528111,8.880300169391832,9.009107399589803,9.139769797870915,9.272314071629076,9.40676731234921,9.543157001131455,9.681511014294703,9.821857629060604,9.96422552931918,10.108643811477245,10.25514199039078,10.40375000538248,10.554498226345723,10.707417459936144,10.862538955852115,11.019894413205389,11.179515986983205,11.34143629460314,11.505688422562098,11.67230593318072,11.841322871444618,12.012773771943827,12.186693665911868,12.363118088365848,12.542083085349068,12.723625221277613,12.907781586392336,13.094589804317891,13.28408803973025,13.476315006134207,13.671309973752674,13.869112777529068,14.069763825244651,14.273304105752375,14.479775197328895,14.689219276146499,14.901679124866583,15.117198141356557,15.335820347531763,15.557590398324425,15.782553590781212,16.010755873291487,16.2422438549479,16.477064815041444,16.715266712692678,16.95689819662128,17.20200862663702,17.450648151555413,17.702867573057002,17.958718403665394,18.218252895481037,18.48152405090326,18.74858563350603,19.019492179069356,19.294299006768142,19.573062230520566,19.85583877049774,20.14268636479705,20.43366358128086,20.728829829583102,21.0282453732857,21.33197134226717,21.640069745225734,21.95260348237911,22.26963635834363,22.59123309519479,22.917459345712146,23.24838170681054,23.584067733160808,23.92458595100208,24.270005872148694,24.620398008194257,24.97583388491566,25.336386056879853,25.70212812225629,26.07313473783774,26.44948163427271,26.83124563151222,27.218504654474124,27.611337748927884,28.00982509760325,28.414048036525678,28.82408907158193,29.240031895319085,29.66196140398033,30.089963714780808,30.524126183427036,30.964537421883513,31.411287316389654,31.864467045731175,32.324169099769044,32.79048729823021,33.26351680976326,33.743354171263526,34.23009730747073,34.72384555084386,35.224699661716514,35.73276184873738,36.24813578959944,36.77092665206239,37.30124111527233,37.83918739138302,38.38487524748295,38.93841602783294,39.49992267641811,40.06950975981958,40.64729349040959,41.2333917498754,41.82792411307639,42.43101187223896,43.04277806149466,43.663347481765705,44.29284672600363,44.93140420478552,45.57915017227342,46.23621675254188,46.90273796627895,47.57884975786608,48.26469002284236,48.960398635758395,49.66611747842589,50.38199046856796,51.10816358887659,51.84478491648268,52.59200465284462,221.77340732910952
rsav,0.16826452474474296,0.254538894647871,0.25453450119456944,0.2545218683893439,0.25450181756421303,0.25447517005119547,0.25444274718230986,0.25440537028957494,0.25436386070500927,0.2543190397606315,0.2542717287884604,0.2542227491205145,0.2541729220888126,0.2541230690253732,0.254074011262215,0.2540265701313567,0.25398156696481694,0.25393982309461444,0.2539021598527677,0.2538693985712955,0.2538423605822165,0.2538218672175493,0.2538087398093125,0.2538037996895249,0.25394780943273565,0.25438968836917103,0.2550823474551021,0.25597802411324105,0.25702895576629986,0.2581873798369907,0.2594055337480256,0.26063565492211666,0.26182998078197595,0.2629407487503156,0.26392019624984764,0.26472056070328415,0.2652940795333373,0.26559299016271903,0.26562452227898037,0.26561998097069556,0.26561134622827276,0.2655988011785287,0.26558252894828005,0.2655627126643433,0.26553953545353526,0.2655131804426725,0.2654838307585718,0.26545166952804966,0.2654168798779228,0.2653796449350079,0.26534014782612153,0.26529857167808046,0.2652550996177012,0.26520991477180056,0.2651632002671951,0.2651151392307015,0.26506591478913644,0.26501571006931646,0.26496470819805834,0.2649130923021787,0.2648610455084942,0.2648087509438215,0.2647563917349772,0.264704151008778,0.2646522118920405,0.2646007575115814,0.2645499709942174,0.2645000354667651,0.26445113405604115,0.2644034498888622,0.2643571660920449,0.26431246579240597,0.26426953211676196,0.26422854819192965,0.26418969714472557,0.2641531621019664,0.2641191261904688,0.2640877725370495,0.26405928426852515,0.26403384451171225,0.2640116363934276,0.2639928430404878,0.26397760286426564,0.2639638339217522,0.26395031772174,0.26393705160599057,0.26392403291626576,0.26391125899432694,0.26389872718193597,0.26388643482085444,0.263874379252844,0.2638625578196664,0.26385096786308315,0.26383960672485607,0.2638284717467467,0.26381756027051667,0.26380686963792765,0.2637963971907414,0.2637861402707194,0.2637760962196235,0.26376626237921535,0.2637566360912564,0.2637472146975084,0.2637379955397331,0.263728975959692,0.263720153299147,0.2637115248998595,0.26370308810359133,0.263694840252104,0.2636867786871593,0.2636789007505187,0.26367120378394404,0.26366368512919697,0.26365634212803896,0.26364917212223193,0.2636421724535374,0.2636353404637169,0.2636286734945323,0.2636221688877452,0.2636158239851171,0.2636096361284099,0.2636036026593851,0.2635977209198044,0.26359198825142943,0.2635864019960218,0.26358095949534327,0.26357565809115546,0.2635704951252201,0.26356546793929864,0.2635605738751529,0.26355581027454444,0.26355117447923504,0.2635466638309863,0.2635422756715598,0.2635380073427173,0.2635338561862204,0.26352981954383076,0.26352589475731003,0.26352207916841985,0.263518370118922,0.26351476495057796,0.26351126100514954,0.26350785562439827,0.26350454615008584,0.26350132992397396,0.2634982042878242,0.26349516658339833,0.2634922141524579,0.2634893443367647,0.2634865544780801,0.2634838419181661,0.26348120399878416,0.2634786380616959,0.26347614144866316,0.26347371150144744,0.2634713455618105,0.26346904097151386,0.2634667950723193,0.2634646052059884,0.26346246871428286,0.2634603829389643,0.26345834522179445,0.26345635290453495,0.2634544033289473,0.2634524938367933,0.26345062176983464,0.2634487844698329,0.2634469792785497,0.2634452035377468,0.26344345458918583,0.2634417297746284,0.2634400264358361,0.2634383419145707,0.2634366735525939,0.26343501869166724,0.2634333746735524,0.2634317388400111,0.2634301085328049,0.2634284810936955,0.2634268538644446,0.26342522418681374,0.26342358940256466,0.2634219468534591,0.26342029388125854,0.26341862782772474,0.26341694603461935,0.26341524584370396,0.26341352459674033,0.26341177963549,0.26341000830171474,0.2634082079371762,0.2634063758836358,0.26340450948285554,0.2634026060765968,0.2634006630066214,0.263398677614691,0.26339664724256723,0.2633945692320116,0.263392440924786,0.2633902596626519,0.263388022787371,0.263385727640705,0.2633833715644156,0.26338095190026434,0.26337846599001297,0.2633759111754231,0.26337328479825634,0.26337058420027437,0.26336780672323895,0.2633649497089116,0.2633620104990541,0.263358986435428,0.26335587485979495,0.2633526731139167,0.26334937853955487,0.26334598847847107,0.26334250027242695,0.2633389112631843,0.26333521879250466,0.2633314202021496,0.2633275128338809,0.26332349402946026,0.2633193611306492,0.2633151114792095,0.26331074241690283,0.2633062512854906,0.26330163542673474,0.2632968921823968,0.2632920188942384,0.26328701290402134,0.26328187155350713,0.2632765921844575,0.263271172138634,0.2632656087577984,0.26325989938371225,0.26325404135813735,0.26324803202283525,0.2632418687195677,0.2632355487900962,0.26322906957618253,0.26322242841958826,0.26321562266207515,0.2632086496454048,0.26320150671133885,0.263194191201639,0.26318670045806686,0.2631790318223841,0.26317118263635236,0.2631631502417333,0.26315493198028866,0.26314652519378,0.263137927223969,0.26312913541261734,0.26312014710148657,0.2631109596323385,0.2631015703469347,0.2630919765870368,0.2630821756944065,0.26307216501080555,0.2630619418779954,0.2630515036377379,0.2630408476317946,0.2630299712019271,0.2630188716898971,0.26300754643746643,0.2629959927863965,0.26298420807844913,0.2629721896553859,0.26295993485896835,0.26294744103095835,0.2629347055131175,0.2629217256472074,0.2629084987749898,0.26289502223822614,0.26288129337867827,0.2628673095381079,0.26285306805827646,0.26283856628094576,0.26282380154787743,0.2628087712008332,0.26279347258157454,0.2627779030318632,0.26276205989346085,0.26274594050812916,0.2627295422176298,0.2627128623637244,0.2626958982881746,0.262678647332742,0.26266110683918836,0.2626432741492753,0.26262514660476444,0.2626067215474175,0.26258799631899615,0.2625689682612619,0.2625496347159765,0.26252999302490165,0.2625100405297989,0.2624897745724301,0.26246919249455664,0.2624482916379404,-8.054049288712449
inv,0.16794455148383916,0.2546068800024606,0.25804443263825944,0.2615581027829983,0.2651510058955693,0.2688198020678964,0.2725585089341084,0.27636062019648155,0.28022015322246063,0.28413207320668854,0.2880923692787134,0.2920979616680554,0.29614655712577614,0.30023652536960976,0.3043668346333374,0.30853705617739074,0.31274742530875443,0.3169989309131022,0.3212933978258313,0.3256154025785451,0.3299210482440172,0.33424953328155516,0.3386306018822878,0.34307571499079714,0.3477853554876742,0.35291043597513017,0.3582898376423014,0.36389112985957767,0.369682864374524,0.37563424146258695,0.38171518148107775,0.3878955270694596,0.3941443285189105,0.4004296427595555,0.40671872307255,0.4129780136975046,0.41805112526786953,0.4241357760970623,0.4308047680032243,0.4375050025579588,0.44427635725117115,0.4511241707131569,0.4580523049269241,0.4650637850780997,0.4721611467955673,0.47934663201981126,0.486622303313783,0.4939901129965645,0.5014519467318655,0.5090096523862303,0.5166650601770274,0.5244199974795424,0.5322763001927895,0.5402358217546125,0.5483004404566091,0.5564720654721941,0.5647526418822487,0.57314415490976,0.5816486335296294,0.5902681535882359,0.5990048405427966,0.6078608719102678,0.6168384794983917,0.6259399514770848,0.6351676343364482,0.6445239347679791,0.6540113214978174,0.6636323270947236,0.6733895497707041,0.6832856551884622,0.6933233782869745,0.7035055251342581,0.7138349748146658,0.7243146813567211,0.734947675706472,0.7457370677505502,0.7566860483925157,0.7677978916855981,0.7790759570245854,0.7905236913993591,0.8021446317123582,0.8139424071621233,0.8259206017914127,0.8380758342855171,0.8504069327725655,0.8629163768376615,0.8756066870921034,0.8884804253679345,0.9015401949416741,0.9147886407860055,0.9282284498482756,0.9418623513547071,0.9556931171392978,0.9697235619964231,0.9839565440562427,0.9983949651820485,1.0130417713887596,1.0278999532818245,1.042972546515834,1.0582626322722153,1.073773337755407,1.089507836706974,1.1054693499371628,1.121661145873433,1.1380865411255394,1.1547489010667962,1.1716516404311534,1.1887982239257848,1.2061921668588937,1.2238370357824861,1.2417364491498768,1.2598940779877332,1.2783136465824727,1.2969989331808616,1.3159537707046893,1.3351820474793898,1.3546877079765327,1.3744747535701067,1.394547243306524,1.4149092946883226,1.4355650844715302,1.4565188494766785,1.477774887413469,1.4993375577191108,1.5212112824103463,1.5434005469492156,1.5659099011225943,1.588743959935577,1.6119074045187678,1.6354049830495587,1.6592415116874788,1.6834218755237185,1.7079510295449218,1.7328339996113669,1.7580758834496448,1.7836818516599708,1.8096571487382536,1.8360070941130597,1.8627370831976302,1.8898525884570823,1.917359160490966,1.9452624291313338,1.973568104556489,2.002281978420588,2.031409924999271,2.0609579023515106,2.090931953497857,2.1213382076152763,2.1521828812487835,2.1834722795400605,2.2152127974732783,2.247410921138319,2.280073229011626,2.313206393254894,2.3468171810318172,2.3809124558431347,2.4154991788801903,2.450584410397265,2.4861753111028784,2.522279143570356,2.558903273667871,2.5960551720082243,2.6337424154186144,2.6719726884306696,2.7107537847909855,2.7500936089924544,2.790000177826633,2.8304816219574542,2.871546187516542,2.913202237720408,2.955458254509837,2.9983228402117343,3.041804719223741,3.0859127397219064,3.1306558753917284,3.1760432271828734,3.2220840250878724,3.268787629945121,3.3161635352665,3.364221369089949,3.4129708958572924,3.462422018317695,3.512584779457048,3.5634693644536353,3.6150861026604506,3.667445469614471,3.7205580890732826,3.7744347350794,3.829086334052637,3.884523966910921,3.940758871219892,3.997802443371696,4.055666240793341,4.114361984184989,4.173901559788615,4.234297021687392,4.295560594136223,4.357704673923831,4.420741832766819,4.484684819736087,4.549546563716097,4.615340175897338,4.682078952302482,4.7497763763466345,4.818446121432146,4.8881020535784385,4.958758234087263,5.030428922243905,5.10312857805477,5.176871865021821,5.25167365295438,5.3275490208187115,5.404513259625986,5.482581875358983,5.561770591938173,5.64209535422757,5.723572331080971,5.806217918429016,5.890048742407656,5.975081662528542,6.061333774891879,6.148822419581986,6.23756520822349,6.327579975016189,6.418884797151858,6.511498004768761,6.605438184459837,6.700724182827611,6.797375110086459,6.895410343712588,6.994849532142322,7.095712598519105,7.198019744489883,7.301791454051255,7.40704849744607,7.513811935110987,7.62210312167555,7.731943710013447,7.8433556553464765,7.956361219401903,8.070982974623764,8.187243808438874,8.30516692757802,8.424775862453195,8.54609447159138,8.669146946125663,8.793957814344354,8.92055194629881,9.048954558470662,9.179191218499254,9.311287849969874,9.445270737263751,9.581166530470345,9.719002250362891,9.858805293437836,10.00060343701907,10.144424844427673,10.290298070218059,10.43825206548127,10.588316183216303,10.74052018377032,10.89489424034854,11.051468944594768,11.210275312243335,11.371344788843444,11.53470925555669,11.700401035028845,11.868452897336594,12.038898066010413,12.21177022413429,12.387103520523436,12.564932575980789,12.74529248963346,12.928218845349901,13.113747718239045,13.301915681232153,13.492759811748613,13.686317698446626,13.882627448059853,14.081727692320992,14.283657594973565,14.488456858872725,14.696165733176427,14.9068250206279,15.120476084930589,15.337160858216789,15.556921848610925,15.779802147888839,16.00584543923414,16.235096005092785,16.467598735127186,16.703399134270974,16.94254333088564,17.18507808502036,17.431050796776177,17.680509514775924,17.933502944740926,18.190080458176112,18.450292101164532,18.714188603272863,-149.44161118143967
periodu,0.830153839954349,0.7456602122023817,0.7557451771286576,0.7660868081953034,0.7766922643540406,0.7875496740338981,0.7986392829165608,0.8099396410044365,0.8214306569428931,0.8330948299544647,0.8449174649305387,0.8568863942897433,0.8689915492154541,0.8812245931392035,0.8935787290284969,0.9060487094684893,0.9186310130803516,0.931324105033067,0.9441286766147416,0.9569944921587319,0.9697873514387843,0.9826170430527517,0.9955653841846313,1.0086602141421692,1.0217297282003925,1.0343723514583978,1.0463147585474257,1.0576806285762066,1.0686098107536948,1.0792557756240249,1.0897845817115532,1.100371790713178,1.1112001982681567,1.1224596190330212,1.1343483451237697,1.1470746418285502,1.157751568871547,1.1728031184016592,1.1910513931186704,1.2096037765298104,1.2283794368629455,1.247393174664177,1.2666556671706153,1.2861752364403876,1.3059588080696365,1.3260124511738307,1.3463416927358,1.3669517069393833,1.3878474337841964,1.409033656892023,1.4305150571552359,1.4522962515468034,1.4743818223463527,1.4967763397984637,1.5194843800015354,1.542510539168711,1.5658594450453265,1.5895357660649274,1.6135442187005367,1.6378895733803285,1.6625766592689084,1.6876103681592267,1.712995657672698,1.7387375539252679,1.7648411537841358,1.7913116268130143,1.8181542169822942,1.8453742442034882,1.8729771057339863,1.900968277487796,1.9293533152798288,1.958137856025068,1.9873276189090512,2.016928406542302,2.0469461061084213,2.0773866905131744,2.1082562195401504,2.1395608410171127,2.1713067919960225,2.203500399948871,2.2361480839807104,2.2692563560607546,2.302831962175508,2.336888788079951,2.3714377693394284,2.4064858218571876,2.4420399759152933,2.4781073767350192,2.5146952851185915,2.5518110781689742,2.5894622500845452,2.627656413025692,2.6664012980505056,2.7057047561169183,2.745574759148814,2.7860194011637756,2.8270468994602957,2.868665595862458,2.9108839580201824,2.9537105807633273,2.997154187508036,3.041223631713856,3.085927898390276,3.1312761056514447,3.1772775063179353,3.2239414895645337,3.271277582613121,3.319295452469788,3.3680049077054797,3.417415900279428,3.467538527404857,3.518383033456369,3.5699598119186113,3.6222794073758102,3.6753525175418456,3.7291899953306196,3.7838028509664676,3.839202254134496,3.895399536170683,3.952406192291715,4.0102338838644975,4.068894440715401,4.128399863479236,4.18876232598811,4.249994177700245,4.3121079461689416,4.375116339551866,4.439032249160887,4.503868752052714,4.569639113660598,4.6363567904674134,4.7040354327204295,4.77268888718815,4.842331199959556,4.912976619286174,4.984639598467377,5.057334798779352,5.131077092448193,5.2058815656675925,5.281763521661614,5.358738483793086,5.436822198718098,5.516030639587197,5.596380009293796,5.677886743770402,5.760567515333257,5.844439236075977,5.929519061312828,6.015824393072288,6.103372883641528,6.192182439162478,6.282271223280186,6.3736576608441435,6.466360441663285,6.560398524315412,6.655791140011738,6.752557796517359,6.850718282128376,6.950292669706442,7.051301320771577,7.153764889654015,7.257704327705914,7.363140887573769,7.4700961275323845,7.578591915881241,7.68865043540419,7.800294187893288,7.913545998737747,8.028429021578896,8.144966743032068,8.26318298747639,8.383101921913436,8.504748060895695,8.628146271525889,8.753321778528111,8.880300169391832,9.009107399589803,9.139769797870915,9.272314071629076,9.40676731234921,9.543157001131455,9.681511014294703,9.821857629060604,9.96422552931918,10.108643811477245,10.25514199039078,10.40375000538248,10.554498226345723,10.707417459936144,10.862538955852115,11.019894413205389,11.179515986983205,11.34143629460314,11.505688422562098,11.67230593318072,11.841322871444618,12.012773771943827,12.186693665911868,12.363118088365848,12.542083085349068,12.723625221277613,12.907781586392336,13.094589804317891,13.28408803973025,13.476315006134207,13.671309973752674,13.869112777529068,14.069763825244651,14.273304105752375,14.479775197328895,14.689219276146499,14.901679124866583,15.117198141356557,15.335820347531763,15.557590398324425,15.782553590781212,16.010755873291487,16.2422438549479,16.477064815041444,16.715266712692678,16.95689819662128,17.20200862663702,17.450648151555413,17.702867573057002,17.958718403665394,18.218252895481037,18.48152405090326,18.74858563350603,19.019492179069356,19.294299006768142,19.573062230520566,19.85583877049774,20.14268636479705,20.43366358128086,20.728829829583102,21.0282453732857,21.33197134226717,21.640069745225734,21.95260348237911,22.26963635834363,22.59123309519479,22.917459345712146,23.24838170681054,23.584067733160808,23.92458595100208,24.270005872148694,24.620398008194257,24.97583388491566,25.336386056879853,25.70212812225629,26.07313473783774,26.44948163427271,26.83124563151222,27.218504654474124,27.611337748927884,28.00982509760325,28.414048036525678,28.82408907158193,29.240031895319085,29.66196140398033,30.089963714780808,30.524126183427036,30.964537421883513,31.411287316389654,31.864467045731175,32.324169099769044,32.79048729823021,33.26351680976326,33.743354171263526,34.23009730747073,34.72384555084386,35.224699661716514,35.73276184873738,36.24813578959944,36.77092665206239,37.30124111527233,37.83918739138302,38.38487524748295,38.93841602783294,39.49992267641811,40.06950975981958,40.64729349040959,41.2333917498754,41.82792411307639,42.43101187223896,43.04277806149466,43.663347481765705,44.29284672600363,44.93140420478552,45.57915017227342,46.23621675254188,46.90273796627895,47.57884975786608,48.26469002284236,48.960398635758395,49.66611747842589,50.38199046856796,51.10816358887659,51.84478491648268,52.59200465284462,221.77340732910952
cemutotper,0.830153839954349,0.7236226224766341,0.7117340042471156,0.7001506246345857,0.6888642422957236,0.6778502862719303,0.6670796026830624,0.6565243131849452,0.6461602406854818,0.635967510025286,0.6259302529927494,0.6160359657098038,0.6062748314434115,0.5966391687617459,0.5871230621625542,0.5777221638976859,0.5684336140921713,0.559256007513647,0.5501893363134083,0.5412047300111076,0.5322305830064118,0.5233337806595368,0.514559297389568,0.505919825232755,0.49732925018290974,0.4886029019090206,0.47963697503551345,0.47051775910987614,0.4613301007419274,0.45215587923214745,0.4430733465770174,0.43415577281412737,0.42547065081101126,0.41707983104615604,0.4090402736453361,0.40140471822396756,0.39316725259718593,0.3865077772461928,0.38092089148015923,0.37542102426473656,0.36998077641508953,0.3646037664041028,0.35929198018169806,0.35404646452559285,0.3488677005486444,0.34375581346200146,0.3387106949824959,0.333732077644376,0.32881958187922405,0.32397274720532215,0.319191053797788,0.31447393796922274,0.30982080359768643,0.3052310307226987,0.30070398208017673,0.29623900809390113,0.2918354506919615,0.28749264622259746,0.2832099276795574,0.2789866263998461,0.2748220733603101,0.27071560017079443,0.2666665398388664,0.26267422736321716,0.25873800019891424,0.2548571986269489,0.2510311660523289,0.24725924924877307,0.24354079856339547,0.2398751680912786,0.23626171582721714,0.23269980379997843,0.2291887981929709,0.22572806945414453,0.22231699239715358,0.21895494629522622,0.21564131496876232,0.21237548686736665,0.20915685514680524,0.20598481774121274,0.20285877743077138,0.19977814190500554,0.19674233577444467,0.1937513713096046,0.19080495035203882,0.18790242217876352,0.1850431469589549,0.1822264953440759,0.17945184809352097,0.17671859573224294,0.17402613823715804,0.17137388474943555,0.16876125331005798,0.16618767061629047,0.1636525717969342,0.16115540020444272,0.1586956072221768,0.15627265208524188,0.15388600171351063,0.15153513055557408,0.1492195204424923,0.14693866045033233,0.14469204677058284,0.14247918258763304,0.14029957796258283,0.13815274972273392,0.13603822135617435,0.13395552291093488,0.13190419089825106,0.12988376819951125,0.1278938039765226,0.12593385358475956,0.12400347848930314,0.12210224618320584,0.12022973010805033,0.11838550957649477,0.11656916969661933,0.11478030129791368,0.11301850085875871,0.11128337043527761,0.10957451759144163,0.10789155533033393,0.10623410202648213,0.10460178135918449,0.10299422224676222,0.10141105878167857,0.09985193016647456,0.09831648065047517,0.09680435946722869,0.09531522077264354,0.09384872358379524,0.09240453171837695,0.09098231373477246,0.08958174287273309,0.088202496994642,0.08684425852735315,0.08550671440459305,0.08418955600991528,0.08289247912019994,0.08161518384969164,0.08035737459456943,0.07911875997804428,0.07789905279598053,0.07669796996303802,0.0755152324593316,0.07435056527760696,0.07320369737092963,0.07207436160088723,0.07096229468630252,0.06986723715245641,0.06878893328082077,0.06772713105929912,0.06668158213297523,0.06565204175536808,0.06463826874019359,0.06364002541363065,0.06265707756709188,0.0616891944104979,0.06073614852605318,0.05979771582252356,0.05887367549001323,0.057963809955240565,0.057067904837310474,0.05618574890398227,0.05531713402843135,0.0544618551465025,0.05361971021445291,0.05279050016718283,0.05197402887695223,0.05117010311257999,0.050378532499123926,0.04959912947803945,0.048831709267812995,0.04807608982506882,0.04733209180614504,0.04659953852913721,0.04587825593640529,0.045168072557541385,0.04446881947279524,0.04378033027695368,0.04310244104367101,0.04243499029024664,0.041777818942846996,0.04113077030216746,0.04049369000953119,0.03986642601342086,0.03924882853644017,0.0386407500427006,0.038042045205630114,0.03745257087620002,0.036872186051565885,0.036300751844118774,0.035738131450942706,0.035184190123674894,0.03463879513876427,0.03410181576812441,0.03357312325017741,0.033052590761284036,0.03254009338755655,0.03203550809705009,0.03153871371232886,0.031049590883402572,0.03056802206102965,0.03009389147038322,0.029627085085075295,0.02916749060153605,0.028714997413743334,0.028269496588299234,0.027830880839849203,0.027399044506840078,0.026973883527612923,0.026555295416827013,0.026143179242210917,0.02573743560163659,0.025337966600513365,0.024944675829497092,0.024557468342511372,0.02417625063507657,0.02380093062294342,0.023431417621026913,0.023067622322637114,0.022709456794292437,0.02235683454021716,0.022009670285595955,0.021667880027733833,0.02133138104173855,0.02100009186173443,0.020673932262316085,0.020352823240240986,0.02003668699635902,0.01972544691777838,0.019419027560265735,0.019117354630880025,0.018820354970837644,0.018527956538607962,0.018240088393237548,0.017956680677901217,0.017677664603678454,0.01740297243355315,0.01713253746663527,0.016866294022602007,0.01660417742635699,0.01634612399290525,0.016092071012442106,0.015841956735653712,0.01559572035922728,0.015353302011568896,0.015114642738726525,0.014879684490516184,0.014648370106848947,0.014420643304256587,0.014196448662613501,0.013975731612052608,0.013758438420073071,0.013544516178837217,0.013333912792654652,0.013126576965650928,0.012922458189618716,0.012721506732048853,0.012523673624339095,0.012328910650178262,0.012137170334103267,0.01194840593022694,0.011762571411134027,0.011579621456943492,0.01139951144453434,0.011222197436933052,0.011047636172860219,0.01087578505643417,0.010706602147029242,0.010540046149286839,0.010376076403276518,0.010214652874805549,0.010055736145874421,0.009899287405276179,0.009745268439337694,0.009593641622800726,0.009444369909840438,0.009297416825219909,0.009152746455577947,0.009010323440848872,0.008870112965811876,0.008732080751768139,0.008596193048343916,0.008462416625417612,0.008330718765168936,0.00820106725424841,0.00807343037606548,0.007947776903193142,0.007824076089887808,0.007702297664722197,0.007582411823329891,0.007464389221259777,0.007348200966938567,0.00723381861474,0.007121214158159056,0.007010360023089379,0.0069012290612027,0.006793794543428515,0.006688030153532442,0.02736901275012079
eGross,1.0,0.991753739627292,0.9957270598460217,0.9997189477843017,1.0037329405416708,1.0077723904103044,1.0118396573698005,1.0159359054131398,1.020061199422707,1.024214723248387,1.028395022525213,1.0326002245985242,1.0368282173500165,1.0410767859449233,1.0453437155794294,1.0496268716880048,1.0539242684993362,1.0582341337033987,1.062554972575753,1.0668856303642715,1.071223342121363,1.0755608540891697,1.0798961184363527,1.084230550023468,1.088566584721437,1.0929274848357984,1.097349336520704,1.1018469663301615,1.1064297470208175,1.1111023813103713,1.1158655657041243,1.1207165858845207,1.1256497664345617,1.1306568044281033,1.1357270536486217,1.1408478030401028,1.14600452962838,1.1510796253575357,1.1561685895870069,1.1613154253187286,1.1665100352896063,1.1717470710173976,1.1770222022760255,1.1823318595612102,1.1876730670076456,1.1930433272187788,1.1984405375800284,1.2038629267032446,1.2093090044376118,1.2147775215006795,1.220267436254453,1.2257778869977154,1.2313081686453597,1.236857712970958,1.2424260717846225,1.248012902551171,1.2536179560495653,1.259241065747481,1.2648821386224385,1.2705411472074046,1.276218122676738,1.2819131488194693,1.287626356772432,1.293357920406682,1.2991080522777596,1.3048770000644336,1.3106650434320848,1.3164724912664405,1.322299679231247,1.3281469676100446,1.3340147393977013,1.3399033986119913,1.3458133687994056,1.3517450917127112,1.3576990261406003,1.3636756468722084,1.3696754437813614,1.375698921017235,1.3817465962896442,1.387819000238577,1.3939166758787394,1.400040178110945,1.4061900732930699,1.4123669307499502,1.418570918209382,1.4248019832265333,1.4310600892448135,1.437345214291165,1.4436573497794567,1.4499964994130141,1.4563626781780568,1.4627559114205284,1.4691762339994354,1.4756236895103638,1.4820983295734127,1.4886002131802236,1.4951294060952551,1.5016859803068408,1.5082700135239446,1.5148815887148557,1.5215207936843935,1.5281877206864505,1.5348824660689864,1.541605129948806,1.5483558159136817,1.5551346307495768,1.561941684190915,1.5687770886919967,1.575640959217838,1.5825334130528288,1.5894545696257527,1.596404550349817,1.6033834784764647,1.6103914789618312,1.6174286783447984,1.6244952046357022,1.6315911872147981,1.6387167567396912,1.6458720450609787,1.65305718514543,1.6602723110060746,1.6675175576386245,1.6747930609637047,1.6820989577744017,1.6894353856886888,1.6968024831063218,1.7042003891698174,1.7116292437291856,1.719089187310089,1.7265803610851396,1.7341029068480656,1.7416569669905082,1.7492426844812186,1.7568602028474491,1.7645096661583493,1.7721912190101967,1.7799050065132995,1.7876511742804206,1.795429868416601,1.8032412355102458,1.811085422625372,1.818962577294902,1.8268728475149243,1.834816381739818,1.842793328878171,1.8508038382894227,1.8588480597811512,1.8669261436069542,1.8750382404648716,1.8831845014962836,1.8913650782852527,1.8995801228582596,1.907829787684292,1.9161142256752604,1.924433590186694,1.9327880350187037,1.9411777144171674,1.94960278307513,1.9580633961343787,1.9665597091871931,1.9750918782782285,1.983660059906535,1.9922644110276875,2.000905089056011,2.0095822518668953,2.018296057799184,2.027046665657625,2.035834234715376,2.0446589247165576,2.053520895878844,2.0624203088960815,2.0713573249409385,2.0803321056675674,2.0893448132142876,2.098395610206272,2.1074846597582453,2.116612125477177,2.12577817146498,2.1349829623212013,2.1442266631457105,2.153509439541369,2.162831457616702,2.1721928839885467,2.1815938857846944,2.191034630646513,2.2005152867315516,2.2100360227161326,2.2195970077979204,2.2291984116984773,2.2388404046657895,2.248523157476786,2.2582468414398282,2.2680116283971827,2.277817690727466,2.287665201348086,2.2975543337176383,2.307485261838302,2.317458160258204,2.3274732040737636,2.337530568932018,2.34763043103293,2.357772967131663,2.3679583545408556,2.378186771132855,2.388458395341945,2.398773406166549,2.4091319831714126,2.4195343064897705,2.429980556825489,2.4404709154551973,2.451005564230394,2.461584685579535,2.472208462510112,2.482877078610702,2.4935907180530092,2.5043495655938792,2.5151538065773127,2.526003626936441,2.536899213195504,2.5478407524718016,2.558828432477634,2.569862441522223,2.580942968572426,2.59207020364525,2.603244337409548,2.614465561083141,2.625734066435191,2.637050045789147,2.6484136920261907,2.6598251985890813,2.6712847594863494,2.682792569296745,2.6943488231739052,2.7059537168511714,2.7176074466465203,2.729310209467553,2.7410622028165217,2.7528636247953413,2.764714674110578,2.7766155500783696,2.7885664526292646,2.8005675823129685,2.812619140302959,2.824721328400982,2.8368743490413975,2.8490784052953706,2.861333700874907,2.8736404401367186,2.8859988280859104,2.8984090703795045,2.910871373329772,2.9233859439073977,2.9359529897444547,2.9485727191372098,2.961245341048741,2.973971065111389,2.98675010162903,2.9995826615791796,3.01246895661493,3.0254091990667287,3.03840360194399,3.0514523789365624,3.064555744416042,3.0777139134369387,3.090927101737714,3.1041955257416682,3.1175194025577198,3.1308989499810376,3.144334386493577,3.1578259312644876,3.171373804150421,3.1849782256957355,3.1986394171325987,3.2123576003810075,3.22613299804871,3.2399658334310586,3.2538563305107715,3.2678047139576334,3.2818112091281266,3.2958760420649953,3.309999439496756,3.324181628837148,3.3384228381845436,3.352723296321303,3.367083232713094,3.3815028775081704,3.3959824615366188,3.4105222163095683,3.4251223740183847,3.4397831675338275,3.454504830405201,3.4692875968594703,3.484131701800378,3.49903738080754,3.514004870135537,3.5290344067129924,3.544126228141661,3.55928057269549,3.5744976793197103,3.589777787629903,3.605121137911094
eInd,0.06550267458481251,0.14394766460644381,0.17967028797529527,0.21405941132530293,0.24710401000020332,0.27879334893148255,0.309116653666188,0.33806285506819245,0.3656204344247659,0.39177735761112054,0.41652107489079676,0.4398385622656614,0.46171638499622947,0.48214077037585945,0.5010976829180896,0.5185728996200216,0.5345520853947285,0.5490208691590769,0.5619649198788185,0.5733700198490768,0.5832210383380914,0.5915003223487424,0.5981930196944943,0.6032862833488485,0.6067679581807088,0.6039411656699858,0.5875217317504444,0.5591916547350622,0.5208248888324072,0.4743208411990102,0.4216066619830859,0.364639883829917,0.3054110953307684,0.24594645676129595,0.18830991282927467,0.13460496218258078,0.038262155443115786,-3.9898639947466563e-17,3.209238430557093e-17,6.136584296267955e-17,6.277530578691071e-17,-1.6263032587282567e-17,-6.456423937151179e-17,2.6969529040576923e-17,6.518765562069095e-17,4.9737774662772516e-18,-3.564992268403899e-17,2.88363896563254e-17,1.7050773228229066e-17,3.339003878076452e-18,-3.235665858511427e-17,-4.9545709941982603e-17,-1.9771866571283506e-17,-3.871289970042895e-17,-2.1734574258969728e-17,-2.6138139733067225e-17,4.019228244747799e-17,6.342517196335687e-17,-6.39547255468878e-17,-2.3154079055837278e-17,2.2033239399660574e-17,-5.433545616218148e-17,-4.637442629058196e-17,-2.5644376651979023e-17,5.371489666848947e-17,4.12216544021452e-17,-2.4059852959593783e-17,-7.069833656000207e-17,5.420558996261958e-17,-6.876799301696629e-17,-5.980297942266994e-17,-6.183290230742912e-17,-1.8412250253796104e-17,-6.02961726192603e-17,0.0,0.0,0.0,0.0,0.0,0.0,0.0,0.0,0.0,0.0,0.0,0.0,0.0,0.0,0.0,0.0,0.0,0.0,0.0,0.0,0.0,0.0,0.0,0.0,0.0,0.0,0.0,0.0,0.0,0.0,0.0,0.0,0.0,0.0,0.0,0.0,0.0,0.0,0.0,0.0,0.0,0.0,0.0,0.0,0.0,0.0,0.0,0.0,0.0,0.0,0.0,0.0,0.0,0.0,0.0,0.0,0.0,0.0,0.0,0.0,0.0,0.0,0.0,0.0,0.0,0.0,0.0,0.0,0.0,0.0,0.0,0.0,0.0,0.0,0.0,0.0,0.0,0.0,0.0,0.0,0.0,0.0,0.0,0.0,0.0,0.0,0.0,0.0,0.0,0.0,0.0,0.0,0.0,0.0,0.0,0.0,0.0,0.0,0.0,0.0,0.0,0.0,0.0,0.0,0.0,0.0,0.0,0.0,0.0,0.0,0.0,0.0,0.0,0.0,0.0,0.0,0.0,0.0,0.0,0.0,0.0,0.0,0.0,0.0,0.0,0.0,0.0,0.0,0.0,0.0,0.0,0.0,0.0,0.0,0.0,0.0,0.0,0.0,0.0,0.0,0.0,0.0,0.0,0.0,0.0,0.0,0.0,0.0,0.0,0.0,0.0,0.0,0.0,0.0,0.0,0.0,0.0,0.0,0.0,0.0,0.0,0.0,0.0,0.0,0.0,0.0,0.0,0.0,0.0,0.0,0.0,0.0,0.0,0.0,0.0,0.0,0.0,0.0,0.0,0.0,0.0,0.0,0.0,0.0,0.0,0.0,0.0,0.0,0.0,0.0,0.0,0.0,0.0,0.0,0.0,0.0,0.0,0.0,0.0,0.0,0.0,0.0,0.0,0.0,0.0,0.0,0.0,0.0,0.0,0.0,0.0,0.0,0.0,0.0,0.0,0.0,0.0,0.0,0.0,0.0,0.0,0.0,0.0,0.0,0.0,0.0,0.0
abateAmount,0.13789874109792133,0.1203817451577007,0.14366518304462553,0.15988259698128238,0.17084836982345322,0.178071300400862,0.1828103196354904,0.18611494515863924,0.1888543302541029,0.19173801681734787,0.19533094787860528,0.2000648587442174,0.2062477990983702,0.21407320439920988,0.22362960859073414,0.23491175834674263,0.2478335496896079,0.262242868715442,0.2779380951215936,0.2946857413412312,0.31223756041693157,0.33034679294974595,0.3487885940022037,0.3673727870147221,0.3859533407480078,0.4091405882495132,0.4441989631288117,0.48945886730084937,0.5431027432393603,0.6033256668479695,0.6683250816683998,0.7362890500073658,0.8053841286354073,0.873743863697618,0.9394587290115942,1.000568103030866,1.1037682925637577,1.1483474273233716,1.1543253302229872,1.1600956613798343,1.1657186313458774,1.171243832681745,1.1767087116720854,1.1821406210575276,1.1875588702872433,1.1929766019899304,1.1984024030041383,1.2038416169441735,1.2092973655372705,1.2147713104158162,1.2202641988318728,1.225776239333034,1.2313073500966174,1.2368573161414858,1.2424258840976905,1.2480128159681292,1.2536179170992994,1.2592410486634475,1.2648821313175853,1.2705411441628125,1.276218121439888,1.2819131483297252,1.2876263565834136,1.2933579203355672,1.2991080522516736,1.3048770000551022,1.3106650434288287,1.316472491265332,1.3222996792308779,1.3281469676099253,1.3340147393976634,1.339903398611979,1.3458133687994018,1.35174509171271,1.3576990261406001,1.3636756468722084,1.3696754437813614,1.3756989210172352,1.3817465962896442,1.387819000238577,1.3939166758787394,1.4000401781109453,1.4061900732930699,1.4123669307499505,1.4185709182093822,1.4248019832265333,1.4310600892448135,1.437345214291165,1.4436573497794567,1.4499964994130141,1.4563626781780568,1.4627559114205284,1.4691762339994354,1.475623689510364,1.4820983295734127,1.4886002131802236,1.4951294060952551,1.5016859803068408,1.5082700135239446,1.5148815887148555,1.5215207936843937,1.5281877206864507,1.5348824660689864,1.5416051299488063,1.5483558159136819,1.5551346307495768,1.561941684190915,1.5687770886919967,1.575640959217838,1.5825334130528288,1.5894545696257527,1.596404550349817,1.6033834784764647,1.610391478961831,1.6174286783447984,1.6244952046357022,1.6315911872147981,1.6387167567396914,1.645872045060979,1.65305718514543,1.660272311006075,1.6675175576386245,1.674793060963705,1.6820989577744017,1.689435385688689,1.696802483106322,1.7042003891698176,1.7116292437291856,1.719089187310089,1.7265803610851398,1.7341029068480656,1.7416569669905082,1.7492426844812188,1.7568602028474491,1.7645096661583495,1.772191219010197,1.7799050065132995,1.7876511742804206,1.795429868416601,1.8032412355102458,1.8110854226253723,1.818962577294902,1.8268728475149245,1.834816381739818,1.8427933288781708,1.8508038382894227,1.8588480597811512,1.8669261436069544,1.8750382404648716,1.8831845014962836,1.891365078285253,1.8995801228582594,1.9078297876842922,1.9161142256752606,1.9244335901866938,1.9327880350187039,1.9411777144171674,1.9496027830751301,1.9580633961343787,1.9665597091871934,1.9750918782782287,1.9836600599065348,1.992264411027688,2.000905089056011,2.0095822518668953,2.0182960577991844,2.027046665657625,2.0358342347153764,2.0446589247165576,2.053520895878844,2.0624203088960815,2.0713573249409385,2.0803321056675674,2.0893448132142876,2.098395610206272,2.1074846597582457,2.116612125477177,2.12577817146498,2.1349829623212013,2.1442266631457105,2.153509439541369,2.162831457616702,2.172192883988547,2.1815938857846944,2.191034630646513,2.2005152867315516,2.2100360227161326,2.219597007797921,2.2291984116984773,2.2388404046657895,2.248523157476786,2.2582468414398282,2.2680116283971827,2.277817690727466,2.287665201348086,2.2975543337176383,2.307485261838302,2.3174581602582043,2.3274732040737636,2.337530568932018,2.34763043103293,2.3577729671316634,2.3679583545408556,2.378186771132855,2.388458395341945,2.3987734061665495,2.409131983171413,2.419534306489771,2.429980556825489,2.4404709154551973,2.4510055642303943,2.461584685579535,2.4722084625101126,2.4828770786107026,2.4935907180530097,2.5043495655938792,2.5151538065773127,2.5260036269364416,2.5368992131955044,2.547840752471802,2.558828432477634,2.569862441522223,2.580942968572426,2.5920702036452505,2.6032443374095484,2.614465561083141,2.625734066435191,2.637050045789147,2.6484136920261907,2.6598251985890813,2.6712847594863494,2.682792569296745,2.6943488231739052,2.7059537168511714,2.7176074466465203,2.7293102094675525,2.741062202816522,2.7528636247953413,2.764714674110578,2.776615550078369,2.788566452629264,2.8005675823129685,2.812619140302959,2.8247213284009822,2.8368743490413975,2.849078405295371,2.8613337008749076,2.873640440136718,2.8859988280859104,2.898409070379505,2.9108713733297726,2.9233859439073977,2.9359529897444547,2.9485727191372098,2.961245341048741,2.973971065111389,2.98675010162903,2.9995826615791796,3.0124689566149305,3.025409199066729,3.03840360194399,3.0514523789365624,3.064555744416042,3.0777139134369382,3.090927101737714,3.1041955257416687,3.1175194025577198,3.1308989499810376,3.144334386493577,3.1578259312644876,3.1713738041504205,3.184978225695735,3.1986394171325987,3.212357600381007,3.22613299804871,3.239965833431058,3.253856330510771,3.2678047139576334,3.2818112091281266,3.295876042064995,3.309999439496756,3.324181628837148,3.3384228381845436,3.3527232963213036,3.367083232713094,3.38150287750817,3.3959824615366188,3.4105222163095683,3.425122374018385,3.439783167533827,3.4545048304052006,3.4692875968594707,3.484131701800378,3.4990373808075406,3.514004870135537,3.5290344067129924,3.5441262281416614,3.5592805726954904,3.5744976793197103,3.589777787629903,3.605121137911094
abateAmountTech_0,0.13789873626711074,0.1203817451577007,0.1436646090553222,0.1598800481392791,0.17084225671789502,0.1780600012289345,0.18279223978201017,0.1860885054454143,0.18881790420064196,0.1916898341665816,0.1952689796295012,0.1999866974239606,0.20615054656108667,0.2139533777388531,0.22348307260622408,0.23473369032458652,0.24761843912327147,0.26198455112716934,0.2776298156521164,0.29377550246047246,0.3084138760821288,0.32104268100137257,0.33134597715206066,0.33910568556382076,0.3442188581051573,0.35073890556928133,0.3642720600561285,0.3823282106881628,0.40258621256626903,0.4231365323374249,0.4425434288861288,0.4598784519887641,0.47472612243329715,0.4871616956509837,0.49770000669379116,0.5072136460043388,0.5406805802821969,0.5504957431072904,0.5498019701584826,0.5525678364261623,0.5552919391837191,0.5579981038572972,0.5607043605219924,0.5634239275363132,0.5661661911931376,0.5689376007687293,0.5717424360791269,0.5745834323582839,0.5774622662492838,0.5803799181899416,0.5833369319798682,0.5863335934764508,0.5893700487426864,0.5924463788727183,0.5955626451300582,0.5987189145873658,0.6019152735017407,0.6051518333239757,0.6084287325118662,0.6117461361092986,0.6151042342503553,0.6185032402399274,0.6219433885557268,0.6254249329400101,0.6289481446525383,0.6325133109062492,0.6361207334830106,0.639770727516548,0.6434636204262095,0.6471997509850429,0.6509794685067672,0.654803132137828,0.6586711102422911,0.6625837798688556,0.6665415262905808,0.6705447426090647,0.6745938294158391,0.6786891945045946,0.6828312526286089,0.6870204252984086,0.6912571406152586,0.6955418331365769,0.6998749437698015,0.7042569156456151,0.7086879920741002,0.7131683054799662,0.7176979946993277,0.7222772043496581,0.726906084250342,0.7315847888895423,0.7363134769334587,0.7410923107744004,0.7459214561144023,0.7508010815813799,0.7557313583750973,0.7607124599404274,0.7657445616656176,0.7708278406034558,0.7759624752134119,0.7811486451229885,0.7863865309066718,0.7916763138809894,0.7970181759143308,0.8024122992502755,0.8078588663432884,0.8133580597057419,0.8189100617652955,0.8245150547317551,0.8301732204726061,0.8358847403964729,0.8416497953438282,0.8474685654843226,0.8533412302201635,0.8592679680950159,0.8652489567079378,0.8712843726319106,0.8773743913365517,0.883519187114638,0.8897189330120913,0.8959738007611139,0.9022839607161797,0.9086495817926147,0.9150708314075243,0.9215478754228332,0.9280808780902412,0.9346700019978954,0.9413154080186075,0.9480172552594538,0.9547757010126122,0.9615909007072928,0.9684630078626434,0.975392174041514,0.9823785488049696,0.9894222796674564,0.9965235120525333,1.0036823892490812,1.0108990523679204,1.0181736402987576,1.0255062896674056,1.0328971347932125,1.040346307646646,1.0478539378069793,1.0554201524200433,1.0630450761559833,1.0707288311669991,1.0784715370450217,1.086273310779295,1.094134266713829,1.1020545165047047,1.110034169077192,1.1180733305826642,1.126172104355283,1.1343305908684338,1.1425488876908922,1.1508270894427026,1.1591652877507548,1.1675635712040338,1.1760220253085463,1.1845407324418875,1.193119771807457,1.201759219388296,1.2104591479005442,1.219219626746504,1.228040721967296,1.23692249619511,1.245865008605031,1.2548683148664335,1.2639324670939476,1.2730575137979718,1.282243499834745,1.2914904663559539,1.3007984507578834,1.310167486630094,1.319597603703629,1.3290888277987383,1.3386411807721215,1.3482546804636768,1.3579293406427606,1.3676651709539445,1.3774621768622728,1.3873203595980046,1.397239716100855,1.4072202389637112,1.4172619163758327,1.4273647320655305,1.4375286652423103,1.4477536905384925,1.4580397779502927,1.4683868927783659,1.4787949955678046,1.4892640420475949,1.4997939830695224,1.5103847645465225,1.521036327390473,1.5317486074494377,1.5425215354443287,1.553355036905017,1.5642490321058664,1.5752034360006928,1.5862181581571493,1.5972931026905297,1.6084281681969848,1.6196232476861574,1.6308782285132226,1.642192992310332,1.6535674149174648,1.665001366312674,1.6764947105417316,1.68804730564716,1.699659003596661,1.7113296502109183,1.723059085090789,1.7348471415438749,1.7466936465104588,1.7585984204888232,1.7705612774599246,1.7825820248114455,1.7946604632611898,1.8067963867798473,1.8189895825131084,1.8312398307031257,1.8435597491831364,1.856047531537093,1.8687225963880523,1.881583549834714,1.8946289559898983,1.9078573364796836,1.9212671699385322,1.934856891500347,1.9486248922853582,1.9625695188827956,1.9766890728292577,1.990981810082733,2.0054459404922054,2.020079627262794,2.034880986416372,2.049848086247617,2.0649789467754402,2.080271539189766,2.095723785293591,2.1113335569403073,2.1270986754662347,2.1430169111183237,2.159085982477003,2.1753035558741183,2.1916672448059376,2.208174609341187,2.224823155524079,2.2416103347723038,2.258533543269944,2.275590121355292,2.2927773529035265,2.310092464704226,2.3275326258336766,2.345094947021959,2.3627764800147704,2.380574216929959,2.3984850896087413,2.416505968961565,2.4346336643086013,2.4528649227148223,2.471196428319649,2.48962480166113,2.5081465989946263,2.5267583116059824,2.5454563651191298,2.5642371187981343,2.583096864843617,2.602031827683553,2.621038163258402,2.6401119583005492,2.6592492296080334,2.678445923312519,2.697697914141507,2.717001004674737,2.7363509245947637,2.755743329931682,2.7751738023019596,2.7946378481413747,2.8141308979320017,2.833648305423247,2.8531853468468777,2.872737220126053,2.89229904407829,2.9118658576123724,2.931432618919157,2.950994204656251,2.970545409126538,2.990080943450531,3.0095954347325096,3.029083425220443,3.0485393714596265,3.0679576434400566,3.087332523737485,3.106658206648128,3.1259287973170196,3.145138310859971,3.164280671479097,3.1833497115719216,3.202339170833986,3.220550674836822
abateAmountTech_1,4.8308105928439385e-09,0.0,5.739893033412737e-07,2.548842003263803e-06,6.113105558200637e-06,1.1299171927497063e-05,1.807985348022279e-05,2.6439713224952756e-05,3.642605346094508e-05,4.8182650766248534e-05,6.196824910406157e-05,7.816132025678053e-05,9.725253728353052e-05,0.00011982666035678241,0.000146535984510063,0.00017806802215611598,0.00021511056633644572,0.0002583175882726382,0.00030827946947720695,0.0009102388807587304,0.0038236843348027896,0.00930411194837336,0.017442616850143037,0.028267101450901326,0.04173448264285049,0.058401682680231895,0.07992690307268321,0.10713065661268655,0.14051653067309128,0.18018913451054466,0.22578165278227094,0.27641059801860174,0.33065800620211017,0.3865821680466343,0.44175872231780305,0.493354457026527,0.563087712281561,0.5978516842160813,0.6045233600645046,0.6075278249536721,0.6104266921621582,0.6132457288244477,0.6160043511500929,0.6187166935212143,0.6213926790941058,0.624039001221201,0.6266599669250112,0.6292581845858896,0.6318350992879868,0.6343913922258746,0.6369272668520045,0.6394426458565832,0.641937301353931,0.6444109372687674,0.6468632389676323,0.6492939013807635,0.6517026435975586,0.6540892153394718,0.656453398805719,0.658795008053514,0.6611138871895326,0.6634099080897977,0.6656829680276868,0.6679329873955572,0.6701599075991352,0.672363689148853,0.674544309945818,0.676701763748784,0.6788360588046684,0.6809472166248824,0.6830352708908961,0.6851002664741511,0.6871422585571109,0.6891613118438544,0.6911574998500194,0.6931309042631437,0.6950816143655223,0.6970097265126406,0.6989153436610354,0.7007985749401685,0.7026595352634808,0.7044983449743683,0.7063151295232684,0.7081100151043352,0.7098829261352819,0.711633677746567,0.7133620945454858,0.7150680099415069,0.7167512655291147,0.7184117105234719,0.720049201244598,0.721663600646128,0.7232547778850332,0.724822607928984,0.7263669711983155,0.7278877532397964,0.7293848444296376,0.730858139703385,0.7323075383105327,0.733732943591867,0.735134262777722,0.7365114068054613,0.7378642901546556,0.7391928306985308,0.7404969495703934,0.7417765710438349,0.7430316224256196,0.7442620339602416,0.7454677387452319,0.7466486726563559,0.7478047742819245,0.7489359848654944,0.7500422482563013,0.7511235108668152,0.7521797216368606,0.7532108320037917,0.7542167958782465,0.7551975696250534,0.7561531120488877,0.7570833843843163,0.7579883502898953,0.7588679758460098,0.7597222295561805,0.7605510823515684,0.7613545075984478,0.7621324811084267,0.7628849811512102,0.7636119884697318,0.7643134862974769,0.764989460377847,0.7656398989854222,0.7662647929489942,0.7668641356762492,0.7674379231799927,0.7679861541058162,0.7685088297611157,0.7690059541453792,0.7694775339816632,0.7699235787491954,0.7703441007170333,0.7707391149787264,0.7711086394879226,0.7714526950948812,0.7717713055838347,0.7720644977111718,0.7723323012444009,0.7725747490018562,0.7727918768931255,0.772983723960167,0.7731503324190916,0.7732917477025886,0.7734080185029765,0.7734991968158584,0.7735653379843682,0.7736065007439912,0.7736227472679491,0.7736141432131337,0.7735807577665837,0.7735226636924913,0.7734399373797363,0.7733326588899326,0.7732009120059907,0.7730447842811837,0.7728643670887152,0.7726597556717851,0.7724310491941533,0.7721783507911913,0.7719017676214286,0.7716014109185859,0.771277396044099,0.7709298425401274,0.770558874183055,0.7701646190374734,0.7697472095106586,0.769306782407534,0.7688434789861242,0.7683574450135005,0.7678488308222194,0.7673177913672568,0.7667644862834377,0.7661890799433646,0.7655917415158471,0.7649726450248359,0.7643319694088616,0.7636698985809826,0.7629866214892412,0.7622823321776401,0.761557229847628,0.7608115189201113,0.760045409097985,0.759259115429191,0.7584528583703058,0.7576268638506602,0.7567813633369929,0.7559165938986481,0.7550327982733096,0.7541302249332851,0.7532091281523376,0.7522697680730708,0.7513124107748689,0.7503373283424002,0.7493447989346786,0.7483351068546982,0.7473085426196322,0.7462654030316132,0.7452059912490845,0.7441306168587389,0.7430395959480393,0.7419332511783286,0.7408119118585363,0.7396759140194759,0.738525600488746,0.7373613209662376,0.7361834321002437,0.7349922975641864,0.7337882881339547,0.7325717817658672,0.7313431636752518,0.7301028264156569,0.7288511699586935,0.7275886017745081,0.7263026923390866,0.7248954370353332,0.723347607257198,0.7216607875748342,0.7198366050932424,0.7178767299555077,0.715782875850615,0.7135568005258438,0.7112003063037231,0.7087152406035537,0.7061034964674873,0.7033670130911721,0.7005077763589662,0.6975278193837261,0.6944292230511807,0.6912141165689051,0.687884678019901,0.6844431349208122,0.6808917647847783,0.6772328956889571,0.6734689068467339,0.6696022291846351,0.6656353459239791,0.6615707931672794,0.6574111604894333,0.6531590915337204,0.6488172846126391,0.6443884933136067,0.6398755271095606,0.6352812519744807,0.6306085910038711,0.625860525040229,0.621040093303533,0.6161503940267818,0.6111945850966187,0.6061758846990709,0.6010975719704384,0.5959629876533654,0.5907755347581277,0.5855386792291678,0.5802559506169136,0.5749309427549121,0.569567314442312,0.5641687901317317,0.5587391606225388,0.5532822837595853,0.5478020851374206,0.5423025588100238,0.5367877680060855,0.5312618458498714,0.5257289960877018,0.5201934938200797,0.5146596862395001,0.5091319933739735,0.5036149088362946,0.4981130005790894,0.4926309116556735,0.48717336098675196,0.48174514413299324,0.47635113407350904,0.47099628199027,0.4656856180584909,0.4604242522430137,0.4552173751007218,0.45007025858901323,0.4449882568803675,0.43997680718303034,0.4350414305678542,0.43018773280131756,0.425421405184758,0.4207482253998442,0.4161740583603212,0.41170485707005544,0.40734666348740894,0.4031056093959729,0.39898791728169036,0.3949999012163933,0.39114796774778876,0.38743861679591685,0.38457046307427223
abateFrac,0.0019016085618119188,0.0014514402392523426,0.0020204626563303687,0.0024462213674900208,0.0027307355604436943,0.0029001207273436935,0.002988189412280484,0.0030280013638612473,0.0030481784335569043,0.003071831866888141,0.0031168271527531747,0.0031966074877763074,0.0033211087241158633,0.0034975095220603565,0.003730709997512421,0.004023539467380749,0.0043767664309645555,0.00478902387234218,0.005256771722356343,0.005829736991604484,0.006639236644339922,0.007558431712139836,0.008499668898574767,0.00943612280251579,0.010351101990141045,0.011446837795432502,0.013055765128598015,0.015109390614696972,0.017526216875731977,0.020215226849045018,0.02307780631795064,0.02601143944501421,0.028912445784151256,0.03167678343819798,0.0341994575148297,0.036374069570244465,0.04066676366756776,0.04171658149390747,0.040689351125903266,0.03972142484753032,0.038829778576235874,0.037999335349899487,0.03721961575146911,0.03648294569773384,0.03578346280666249,0.03511653854693137,0.03447842656786428,0.03386603839756728,0.03327679317442666,0.03270851192481186,0.03215933978378251,0.03162768663251398,0.0311121805410365,0.03061163057682916,0.03012499675205062,0.02965136557163374,0.02918993005333777,0.028739973350621298,0.028300855288942873,0.027872001260678812,0.027452893030236576,0.027043061087340104,0.026642078257116175,0.026249554333166083,0.025865131546312117,0.025488480718976424,0.025119297984813157,0.02475730197673133,0.024402231405058095,0.02405384296233398,0.023711909502936057,0.02337621845505507,0.023046570430020095,0.02272277799997573,0.022404664619777408,0.022092063672922838,0.02178481762456727,0.021482777267322523,0.021185801047727486,0.020893754463091614,0.020606509519921604,0.020323944246403672,0.02004594225247155,0.019772392331882136,0.01950318810167659,0.019238227684301612,0.018977413412740986,0.01872065155565174,0.018467852066286844,0.018218928352711113,0.017973797067119848,0.01773237791233104,0.017494593463748178,0.01726036900528675,0.01702963237792849,0.016802313839715935,0.016578345936130216,0.016357663379908793,0.016140202939459957,0.01592590333511886,0.015714705142567526,0.015506550702809771,0.015301384038152623,0.015099150773699707,0.014899798063909675,0.01470327452381563,0.014509530164538986,0.014318516332765457,0.014130185653880878,0.013944491978491975,0.01376139033208126,0.013580836867567371,0.013402788820561775,0.013227204467130478,0.013054043083885513,0.012883264910245353,0.012714831112716707,0.012548703751061758,0.012384845746226046,0.012223220849911615,0.012063793615689362,0.011906529371552286,0.011751394193819103,0.011598354882304028,0.011447378936675247,0.011298434533929754,0.011151490506917713,0.011006516323854182,0.01086348206876046,0.010722358422781134,0.010583116646326845,0.010445728561996104,0.010310166538232465,0.010176403473676507,0.010044412782174614,0.009914168378408928,0.009785644664115358,0.009658816514858363,0.00953365926733347,0.009410148707170059,0.00928826105720879,0.009167972966229546,0.009049261498107222,0.008932104121374115,0.008816478699168786,0.00870236347955262,0.00858973708617625,0.008478578509279152,0.008368867097006558,0.008260582547028881,0.00815370489844949,0.008048214523987608,0.007944092122423804,0.007841318711296133,0.0077398756198358,0.007639744482131635,0.007540907230513387,0.00744334608914428,0.0073470435678138196,0.007251982455922279,0.007158145816648758,0.007065516981295109,0.006974079543798427,0.00688381735540514,0.006794714519500144,0.006706755386584675,0.0066199245493969655,0.006534206838170065,0.006449587316021342,0.006366051274468648,0.006283584229068144,0.006202171915169231,0.006121800283782077,0.0060424554975535795,0.005964123926847676,0.005886792145926192,0.005810446929226559,0.00573507524773291,0.005660664265437175,0.005587201335887047,0.005514673998817715,0.005443069976864493,0.00537237717235355,0.00530258366416807,0.005233677704687329,0.005165647716796207,0.005098482290962861,0.005032170182382294,0.004966700308183694,0.004902061744699513,0.004838243724794306,0.0047752356352514696,0.004713027014216083,0.004651607548692099,0.004590967072092296,0.004531095561839319,0.004471983137016342,0.004413620056065901,0.004355996714535444,0.004299103642868284,0.004242931504238669,0.0041874710924296845,0.004132713329752846,0.004078649265008174,0.004025270071483706,0.0039725670449933075,0.0039205316019518465,0.0038691552774866704,0.0038184297235844588,0.003768346707272574,0.00371889810883396,0.003670075920054806,0.003621872242504114,0.0035742792858444025,0.0035272893661727647,0.003480894904391579,0.003435088424608113,0.0033898625525624034,0.0033452100140826647,0.0033011236335676857,0.003257596332495498,0.0032146204568702062,0.003172183969607122,0.003130279160250508,0.0030888995643255156,0.0030480388448659397,0.003007690783130323,0.002967849270048482,0.0029285082983568026,0.0028896619553826688,0.0028513044164400927,0.0028134299388004403,0.0027760328562037267,0.0027391075738776487,0.002702648564032995,0.00266665036180559,0.002631107561616344,0.002596014813922313,0.002561366822333065,0.00252715834106777,0.0024933841727298035,0.0024600391663766297,0.0024271182158640096,0.0023946162584444976,0.002362528273601318,0.002330849282099598,0.0022995743452379567,0.0022686985642842534,0.002238217080080246,0.0022081250728006405,0.002178417761852888,0.0021490904059047466,0.0021201383030274375,0.0020915567909428096,0.0020633412473636883,0.002035487090417123,0.0020079897791409037,0.001980844814044267,0.00195404773772426,0.0019275941355297683,0.001901479636265667,0.0018756999129301147,0.0018502506834783456,0.001825127711606872,0.0018003268075523105,0.0017758438288995205,0.0017516746813940568,0.0017278153197543438,0.0017042617484792557,0.0016810100226471861,0.0016580562487029085,0.0016353965852288948,0.0016130272436979814,0.001590944489204565,0.0015691446411717318,0.0015476240740319872,0.0015263792178794396,0.0015054065590915453,0.0014847026409186604,0.001464264064039915,0.0014440874870840005,0.0014241696271137358,0.001404507260073336,0.0013850972211975343,0.0013659364053817975,0.0013470217675130244,0.0013283503227602487,0.0013099191468249516,0.0012917253761507497,0.001273766208092257,0.0012560389010430862,0.0012385407745229774,0.0012212692092241756,0.001204221647017218,0.0011873955909163887,0.0011707886050051448,0.001154398314321892,0.0011382224047065312,0.001122258622608269,0.0011065047748551986,0.0010909641552116931
abateCost,0.0019016085618119188,0.0014539382120524007,0.002052470988896059,0.002520011445271244,0.002852788677968921,0.003072509662332708,0.0032105355885197677,0.00329930898458433,0.0033682954062717687,0.0034425080094807217,0.003542436979363968,0.0036846303124389674,0.0038824443495699477,0.004146674545636905,0.004485923169244432,0.004906675969010024,0.00541314789695624,0.006007016565273519,0.006687187998537499,0.007521124527021477,0.008686744989786681,0.010029251503837872,0.011437438568254235,0.012876651892413514,0.01432426220733336,0.01606388169224319,0.018580773926696867,0.02180859760500061,0.025657508411993393,0.03001774730712774,0.03476119874386037,0.039745821236789915,0.04481901948825284,0.04981831739762047,0.05456991936520107,0.0588874396520672,0.06679930739632789,0.06951892336507426,0.06879135021908776,0.06813179974764533,0.06757268657730738,0.06709198088557436,0.06667456987615072,0.06630952492281303,0.06598858950906515,0.0657053047013034,0.06545448209374129,0.0652318722189,0.06503394589693456,0.06485774270449986,0.06470076076316564,0.06456087315032365,0.06443626242245207,0.06432536817733409,0.0642268444816452,0.06413952504335906,0.0640623946058047,0.06399456539888485,0.06393525771885014,0.06388378387989647,0.06383953491665986,0.06380196952889419,0.06377060485362687,0.06374500872856327,0.06372479317528429,0.06370960888359736,0.06369914052099128,0.06369310272523679,0.06369123666533105,0.06369330707758467,0.06369909970084042,0.06370841904853661,0.06372108646631267,0.06373693843270187,0.06375582506760377,0.06377760881904043,0.06380216330344571,0.0638293722786323,0.06385912873179084,0.06389133406753739,0.06392589738323484,0.06396273482066524,0.06400176898467604,0.06404292805279847,0.06408612705024935,0.06413127597901694,0.06417829022705361,0.06422709014980477,0.06427760069007354,0.06432975103217214,0.06438347428679428,0.06443870720346406,0.06449538990778088,0.06455346566099562,0.06461288063973229,0.06467358373390852,0.06473552636112229,0.06479866229595728,0.0648629475128236,0.06492834004109446,0.06499479983142821,0.0650622886322767,0.06513076987568267,0.06520020857155677,0.06527057120970434,0.06534182566894373,0.06541394113271921,0.06548688801066944,0.06556063786566205,0.06563516334585093,0.06571043812135252,0.06578643682517461,0.0658631349980639,0.06594050903696808,0.0660185361468348,0.06609719429549459,0.0661764621713959,0.06625631914398081,0.06633674522650745,0.0664177210411416,0.06649922778615479,0.06658124720507921,0.06666376155768289,0.06674675359263774,0.06683020652176609,0.06691410399575781,0.06699843008125983,0.06708316923924776,0.06716830630459604,0.06725382646676872,0.06733971525156016,0.06742595850381997,0.06751254237110046,0.0675994532881708,0.06768667796234554,0.0677742033595788,0.06786201669127992,0.06795010540180774,0.06803845715660628,0.06812705983094489,0.06821590149922989,0.06830497042485648,0.06839425505057253,0.06848374398932668,0.06857342601557606,0.0686632900570307,0.06875332518681201,0.06884352061600565,0.06893386568658981,0.06902434986472106,0.06911496273436117,0.06920569399122962,0.06929653343706743,0.0693874709741984,0.06947849660037564,0.06956960040390117,0.06966077255900746,0.0697520033214909,0.06984328302458698,0.06993460207507834,0.07002595094962707,0.07011732019132294,0.07020870040644046,0.07030008226139714,0.07039145647990676,0.07048281384032111,0.07057414517315413,0.07066544135878351,0.07075669332532364,0.07084789204666607,0.07093902854068176,0.07103009386758173,0.07112107912843123,0.07121197546381428,0.07130277405264442,0.07139346611111846,0.07148404289181004,0.07157449568290006,0.07166481580754075,0.07175499462335139,0.07184502352204214,0.07193489392916479,0.07202459730398722,0.07211412513948998,0.07220346896248306,0.07229262033384035,0.07238157084885105,0.07247031213768552,0.0725588358659745,0.07264713373550014,0.0727351974849974,0.07282301889106482,0.07291058976918316,0.0729979019748407,0.07308494740476532,0.07317171799826039,0.07325820573864539,0.07334440265479963,0.0734303008228085,0.07351589236771111,0.07360116946534964,0.07368612434431854,0.07377074928801441,0.07385503663678483,0.07393897879017652,0.07402256820928198,0.07410579741918467,0.07418865901150198,0.07427114564702586,0.07435325005846125,0.07443496505326144,0.07451628351656064,0.07459719841420387,0.0746777027958732,0.07475778979831135,0.07483745264864179,0.07491668466778581,0.07499547927397637,0.07507382998636881,0.07515173042874876,0.07522917433333684,0.07530613982370074,0.07538249783976014,0.07545821444738077,0.07553328263011294,0.07560769656391748,0.07568145149615901,0.07575454362865462,0.07582697000476732,0.07589872840053485,0.07596981721982642,0.07604023539351956,0.07610998228269233,0.07617905758582537,0.07624746125001096,0.07631519338616638,0.0763822541882504,0.07644864385648213,0.07651436252456444,0.07657941019091186,0.07664378665388791,0.0767074914510543,0.07677052380243773,0.07683288255782045,0.07689456614806095,0.07695557254045324,0.07701589919813379,0.0770755430435457,0.0771345004259714,0.07719276709314549,0.07725033816696068,0.0773072081232807,0.0773633707758746,0.0774188192644882,0.07747354604706916,0.07752754289616327,0.0775808008994998,0.07763331046478553,0.07768506132872713,0.07773604257030332,0.07778624262830752,0.07783564932318485,0.07788424988318553,0.07793203097485991,0.07797897873791955,0.07802507882448982,0.07807031644278137,0.07811467640520667,0.0781581431809703,0.07820070095316128,0.07824233368037688,0.0782830251629077,0.078322759113515,0.0783615192328312,0.0783992892894155,0.07843605320449705,0.07847179514143834,0.07850649959995289,0.07854015151511004,0.07857273636116265,0.07860424026023091,0.07863465009587868,0.07866395363161696,0.07869213963437069,0.07871919800294466,0.0787451199015249,0.07876989789825159,0.07879352610890003,0.0788160003457067,0.07883731827137573,0.07885747955830374,0.0788764860530576,0.07889434194614282,0.07891105394709746,0.07892663146494731,0.07894108679405779,0.0789544353054169,0.07896669564338334,0.07897788992793399,0.07898804396244248,0.07899758040776036
abateCostTech_0,0.0019016061464066166,0.0014539382120524007,0.002052184184276934,0.002518814588902705,0.002850273482551386,0.0030684067260262093,0.003204608478663019,0.0032913379657132933,0.0033580591215050205,0.0034297613112191966,0.0035268892609917105,0.003665926939352107,0.0038601528719553854,0.00412027677664845,0.004454813642987918,0.004870166693168,0.005370478716006101,0.005957369915842981,0.006629706432467929,0.007356230245651822,0.008034490532588975,0.008627592794402015,0.009107706593270943,0.009453761402633739,0.009653815232659338,0.009933212515301385,0.01061814216011909,0.01159101994873841,0.01273481745191469,0.013939085019375741,0.015106217894793121,0.016161239922090155,0.017060661150238812,0.017797412918839906,0.018400569310009423,0.01893008716536424,0.021306994879523297,0.021880542424024072,0.021620984504706148,0.021633838616700884,0.021641898835078863,0.021647173646313703,0.021651170042610912,0.02165498400976245,0.02165938741503878,0.021664905525023728,0.02167188233012637,0.021680533006386567,0.021690984277189556,0.021703304255646677,0.02171752368908457,0.02173365053356983,0.021751679589286067,0.021771598632353673,0.021793392160925355,0.021817043580123374,0.02184253640522064,0.021869854872241207,0.021898984206376284,0.021929910702685494,0.02196262171042536,0.021997105572681596,0.02203335154914022,0.02207134973612118,0.022111090990458018,0.022152566859861625,0.022195769520452976,0.022240691721258005,0.022287326735099804,0.02233566831522063,0.022385710656975102,0.02243744836399119,0.02249087641825895,0.02254599015367377,0.02260278523261908,0.022661257625225268,0.02272140359098776,0.022783219662465774,0.02284670263081752,0.022911849532957555,0.022978657640146866,0.02304712444784954,0.023117247666708574,0.023189025081288183,0.02326244791486869,0.023337503838553316,0.023414180848578377,0.023492467236689775,0.023572351562766623,0.023653822629496373,0.02373686945892351,0.02382148127071025,0.02390764746196274,0.02399535758848858,0.024084601347364776,0.024175368560705058,0.02426764916052625,0.02436143317462192,0.024456710713359916,0.024553471957327707,0.024651707145756426,0.024751406565660265,0.02485256054163401,0.024955159426255993,0.025059193591048738,0.025164653417953785,0.025271529291280764,0.025379811590094465,0.02548949068100674,0.02560055691134321,0.02571300060265686,0.025826812044563528,0.02594198148887629,0.026058499144017637,0.02617635516969029,0.026295539671789117,0.026416042697538136,0.026537854230837994,0.02666096418781046,0.026785362412527724,0.026911038672915402,0.027037982656818886,0.027166183968223852,0.02729563212362203,0.027426316548514934,0.027558226574047853,0.027691351433767882,0.027825680260499853,0.027961202083334757,0.02809790582472546,0.028235780297685146,0.028374814203084534,0.02851499612704353,0.028656314538414034,0.028798757786350687,0.028942314097966295,0.029086971576069605,0.02923271819698234,0.029379541808433746,0.029527430127530115,0.02967637073879753,0.029826351092295908,0.029977358501802796,0.030129380143065262,0.030282403052118514,0.03043641412367005,0.030591400109547962,0.03074734761721225,0.03090424310832848,0.03106207289740233,0.03122082315047445,0.03138047988387477,0.03154102896303541,0.0317024561013615,0.03186474685915936,0.032027886642621274,0.032191860702866185,0.03235665413503623,0.03252225187744795,0.03268863871079819,0.032855799257424115,0.03302371798061669,0.03319237918398764,0.033361767010888894,0.03353186544388501,0.03370265830427732,0.03387412925168001,0.03404626178364785,0.03421903923535479,0.03439244477932377,0.03456646142520697,0.03474107201961635,0.034916259246004416,0.03509200562459471,0.03526829351236188,0.03544510510306111,0.035622422427306615,0.035800227352699,0.035978501584001364,0.0361572266633637,0.0363363839705955,0.036515954723486475,0.036695919978175,0.03687626062956405,0.037056957411784726,0.03723799089870674,0.03741934150449597,0.03760098948421884,0.037782914934493206,0.03796509779418569,0.0381475178451552,0.038330154713042436,0.038512987868105274,0.03869599662609956,0.03887916014920585,0.03906245744700079,0.03924586737747392,0.03942936864808929,0.039612939816891846,0.03979655929365806,0.03998020534109122,0.04016385607606052,0.040347489470884394,0.04053108335465748,0.040714615414621055,0.04089806319757702,0.041081404111345095,0.0412646154262629,0.041447674276728956,0.04163055766278839,0.04181324245176097,0.04199570537991146,0.042177923054162195,0.042359871953847335,0.04254152843250899,0.04272286871973487,0.0429038689230372,0.04308450502977286,0.04326475290910436,0.04344458831400182,0.04362398688328536,0.04380353452346129,0.04398786716030695,0.044177849058560585,0.04437335465168008,0.044574258077796435,0.044780433091769115,0.044991752980283156,0.045208090479973824,0.045429317698564765,0.04565530603900579,0.04588592612659645,0.04612104773908171,0.04636053973970621,0.04660427001321366,0.04685210540477787,0.04710391166185215,0.04735955337892374,0.04761889394516038,0.047881795494935174,0.04814811886121759,0.04841772353181648,0.04869046760846299,0.04896620776871981,0.04924479923070394,0.04952609572061005,0.04980994944302151,0.05009621105399606,0.0503847296369136,0.05067535268107258,0.050967926063022875,0.05126229403062182,0.05155829918980088,0.05185578249402971,0.052154583236465546,0.052454539044774415,0.05275548587861181,0.053057258029750046,0.053359688124839245,0.05366260713078988,0.053965844362763186,0.0542692274947578,0.05457258257277885,0.0548757340305778,0.05517850470794959,0.05548071587157471,0.055782187238393593,0.05608273700150043,0.056382181858543934,0.05668033704262236,0.05697701635565988,0.05727203220425205,0.05756519563796741,0.05785631639009271,0.05814520292080906,0.05843166246278639,0.05871550106918347,0.05899652366404117,0.059274534095055696,0.05954933518871995,0.059820728807819655,0.06008851591127198,0.060352496616293966,0.060612470262888,0.06086823548063172,0.06111959025775975,0.06136633201252453,0.061608257666823214,0.06184516372207901,0.06207684633736266,0.06230310140974311,0.06252372465685295,0.06273851170165735,0.06294725815941277,0.06314975972680302,0.06334581227324021,0.06353521193431722,0.06371775520739904,0.06389323904934084,0.06406146097631865,0.06419462837318488
abateCostTech_1,2.415405302256152e-09,2.4777419188917576e-41,2.8680461912514666e-07,1.1968563685387848e-06,2.5151954175348266e-06,4.102936306498555e-06,5.927109856748794e-06,7.97101887103666e-06,1.0236284766748407e-05,1.27466982615253e-05,1.5547718372257193e-05,1.870337308686042e-05,2.229147761456219e-05,2.6397768988454956e-05,3.110952625651337e-05,3.650927584202387e-05,4.2669180950138676e-05,4.964664943053823e-05,5.748156606957027e-05,0.00016489428136965545,0.0006522544571977071,0.0014016587094358576,0.002329731974983292,0.0034228904897797754,0.004670446974674022,0.006130669176941803,0.007962631766577775,0.0102175776562622,0.012922690960078703,0.016078662287752,0.01965498084906725,0.02358458131469976,0.027758358338014027,0.03202090447878057,0.036169350055191646,0.03995735248670296,0.045492312516804585,0.04763838094105019,0.047170365714381615,0.04649796113094445,0.04593078774222851,0.045444807239260664,0.04502339983353981,0.04465454091305057,0.04432920209402637,0.04404039917627967,0.04378259976361491,0.04355133921251343,0.04334296161974501,0.04315443844885318,0.042983237074081075,0.04282722261675382,0.04268458283316601,0.04255376954498041,0.04243345232071984,0.04232248146323568,0.04221985820058406,0.042124710526643634,0.042036273512473854,0.04195387317721098,0.0418769132062345,0.0418048639562126,0.04173725330448665,0.04167365899244209,0.04161370218482627,0.04155704202373573,0.0415033710005383,0.04145241100397879,0.041403909930231256,0.04135763876236404,0.04131338904386533,0.04127097068454542,0.04123021004805372,0.04119094827902809,0.04115303983498469,0.04111635119381516,0.04108075971245794,0.041046152616166516,0.04101242610097332,0.04097948453457983,0.040947239743087976,0.0409156103728157,0.040884521317967465,0.04085390297151029,0.04082367913538066,0.04079377214046362,0.04076410937847523,0.040734622913115,0.04070524912730693,0.040675928402675775,0.04064660482787077,0.04061722593275382,0.040587742445818135,0.04055810807250704,0.04052827929236752,0.04049821517320346,0.04046787720059603,0.04043722912133536,0.04040623679946368,0.04037486808376675,0.04034309268567178,0.040310882066616434,0.040278209334048666,0.040245049145300776,0.04021137761865559,0.040177172250989934,0.04014241184143845,0.04010707642057498,0.04007114718465531,0.040034606434507715,0.03999743751869565,0.03995962478061108,0.03992115350918762,0.03988200989295044,0.03984218097714451,0.03980165462370547,0.039760419473857764,0.03971846491314282,0.039675781038697,0.03963235862861388,0.039588189113239386,0.039543264548260335,0.039497577589459036,0.0394511214690157,0.03940388997325116,0.03935587742170996,0.039307078647491944,0.0392574889787479,0.03920710422126129,0.03915592064204326,0.039103934953875014,0.03905114430073544,0.03899754624405693,0.03894313874975676,0.03888792017599484,0.03883188926161251,0.038775045115210315,0.03871738720482539,0.03865891534817253,0.038599629703414774,0.03853953076043236,0.03847861933256056,0.038416896548769744,0.03835436384626142,0.038291022963457544,0.03822687593336065,0.038161925077264056,0.0380961729987934,0.03802962257826133,0.037962276967318735,0.03789413958388672,0.03782521410735486,0.037755504474032024,0.0376850148728369,0.03761374974121628,0.037541713761279905,0.03746891185614127,0.03739534918645467,0.03732103114713903,0.03724596336428016,0.03717015169220297,0.03709360221070625,0.037016321222452825,0.03693831525050824,0.036859591036021745,0.03678015553604379,0.03670001592147413,0.03661917957513566,0.036537654089968855,0.036455447267342296,0.036372567115474805,0.03628902184796538,0.03620481988242681,0.03611996983921957,0.036034480540282535,0.035948361008057345,0.03586162046450343,0.03577426833020105,0.03568631422353938,0.03559776795998768,0.03550863955144664,0.03541893920567831,0.03532867732581221,0.035237864509925935,0.03514651155069833,0.035054629435133614,0.034962229344355084,0.034869322653466685,0.0347759209314813,0.03468203594131445,0.0345876796398422,0.03449286417802239,0.03439760190107788,0.03430190534874114,0.03420578725555947,0.034109260551259596,0.034012338361171464,0.03391503400671035,0.03381736100591666,0.03371933307405306,0.03362096412425842,0.03352226826825803,0.03342325981713001,0.03332395328212735,0.03322436337555546,0.033124505011704955,0.03302439330783958,0.032924043585239086,0.03282347137029691,0.03272269239567286,0.032621722601500466,0.03252057813664918,0.032419275360041674,0.032317830842025864,0.03221626136580237,0.03211458392890692,0.03201281574474861,0.031910974244203506,0.03180907707726446,0.031707142114746935,0.03160518745005148,0.031502605300239454,0.0313946306794532,0.031280365388820175,0.031159927978432866,0.031033438486121046,0.0309010184043899,0.03076279064837147,0.03061887952479349,0.030469410701970085,0.03031451118082062,0.03015430926692312,0.02998893454361063,0.029818517846119157,0.029643191236797293,0.029463087981388518,0.029278342526398247,0.029089090477558397,0.02889546857940405,0.028697614695976675,0.028495667792670324,0.028289767919237804,0.028080056193974738,0.027866674789100647,0.027649766917357006,0.027429476819843188,0.027205949755112282,0.026979331989549642,0.026749770789057804,0.02651741441207291,0.02628241210393781,0.026044914092658876,0.02580507158607373,0.025563036770458483,0.025318962810603616,0.02507300385138886,0.024825315020887986,0.024576052435035474,0.02432537320388789,0.02407343543951344,0.023820398265544336,0.023566421828427053,0.023311667310406677,0.023056296944282115,0.022800474029969955,0.02254436295291511,0.022288129204387778,0.022031939403706242,0.021775961322426356,0.021520363910538926,0.021265317324717,0.021010992958655647,0.020757563475547587,0.02050520284273849,0.020254086368606445,0.020004390741710665,0.019756294072254883,0.019509975935911715,0.01926561742005435,0.019023401172442694,0.01878351145241126,0.018546134184606704,0.018311457015323,0.018079669371482684,0.017850962522312948,0.017625529643765146,0.017403565885727064,0.017185268442076813,0.016970836623627687,0.01676047193401307,0.01655437814856064,0.016352761396204646,0.016155830244485473,0.0159637957876847,0.015776871738144297,0.015595274520817578,0.015419223371099681,0.015248940435984295,0.015084650878593146,0.014926582986123826,0.014802952034575495
pBackTime_0,0.2,0.19900249583853646,0.19800996674983362,0.19702238792061255,0.19603973466135105,0.19506198240566652,0.19408910670970164,0.1931210832515133,0.19215788783046464,0.19119949636662,0.19024588490014283,0.18929702959069677,0.18835290671684976,0.1874134926754807,0.18647876398118968,0.18554869726571058,0.18462326927732717,0.1837024568802915,0.18278623705424565,0.1818745868936463,0.18096748360719192,0.18006490451725313,0.17916682705930564,0.17827322878136628,0.1773840873434315,0.1764993805169191,0.17561908618411226,0.17474318233760688,0.1738716470797612,0.17300445862214828,0.17214159528501158,0.17128303549672272,0.1704287577932423,0.16957874081758317,0.16873296331927676,0.1678914041538415,0.1670540422822544,0.16622085677042514,0.16539182678867248,0.1645669316112037,0.1637461506155964,0.16292946328228292,0.16211684919403743,0.16130828803546537,0.16050375959249572,0.15970324375187542,0.15890672050066681,0.15811416992574712,0.1573255722133107,0.15654090764837364,0.155760156614281,0.1549832995922162,0.15421031716071326,0.15344118999517115,0.15267589886737065,0.15191442464499372,0.15115674829114512,0.15040285086387653,0.14965271351571305,0.1489063174931819,0.1481636441363436,0.14742467487832556,0.14668939124485786,0.14595777485381137,0.1452298074147382,0.14450547072841444,0.14378474668638525,0.14306761727051198,0.14235406455252195,0.14164407069356,0.14093761794374268,0.14023468864171448,0.1395352652142062,0.13883933017559577,0.13814686612747093,0.13745785575819444,0.13677228184247117,0.13609012724091754,0.13541137489963292,0.13473600784977355,0.13406400920712788,0.13339536217169487,0.13273005002726387,0.13206805614099656,0.13140936396301137,0.13075395702596945,0.1301018189446633,0.12945293341560693,0.1288072842166283,0.12816485520646376,0.12752563032435468,0.12688959358964566,0.1262567291013852,0.12562702103792817,0.12500045365654017,0.124377011293004,0.12375667836122817,0.12313943935285704,0.12252527883688323,0.12191418145926186,0.1213061319425267,0.12070111508540811,0.12009911576245319,0.1195001189236475,0.11890410959403888,0.11831107287336302,0.11772099393567104,0.11713385802895876,0.11654965047479793,0.11596835666796929,0.11538996207609734,0.1148144522392872,0.11424181276976297,0.1136720293515081,0.11310508773990742,0.11254097376139115,0.11197967331308041,0.11142117236243479,0.11086545694690142,0.11031251317356597,0.1097623272188053,0.10921488532794188,0.10867017381489996,0.10812817906186332,0.1075888875189349,0.10705228570379806,0.10651836020137945,0.10598709766351372,0.10545848480860971,0.10493250842131858,0.10440915535220321,0.10388841251740964,0.10337026689833984,0.10285470554132639,0.10234171555730849,0.10183128412150984,0.10132339847311791,0.10081804591496511,0.1003152138132111,0.0998148895970272,0.0993170607582819,0.09882171485122834,0.09832883949219302,0.09783842235926632,0.09735045119199434,0.0968649137910725,0.09638179801804049,0.09590109179497883,0.09542278310420688,0.09494685998798248,0.09447331054820295,0.0940021229461076,0.09353328540198186,0.0930667861948627,0.09260261366224562,0.09214075619979317,0.0916812022610447,0.09122394035712784,0.09076895905647117,0.09031624698451846,0.08986579282344431,0.08941758531187129,0.08897161324458823,0.08852786547227022,0.08808633090119986,0.08764699849298985,0.08720985726430712,0.08677489628659818,0.08634210468581595,0.08591147164214784,0.08548298638974534,0.08505663821645483,0.08463241646354977,0.08421031052546424,0.0837903098495278,0.08337240393570168,0.08295658233631628,0.08254283465580994,0.0821311505504691,0.0817215197281697,0.08131393194811982,0.08090837702060377,0.0805048448067272,0.08010332521816377,0.07970380821690283,0.07930628381499857,0.07891074207432022,0.07851717310630368,0.07812556707170422,0.0777359141803506,0.07734820469090024,0.07696242891059571,0.07657857719502242,0.07619663994786746,0.07581660762067977,0.07543847071263139,0.07506221977027992,0.07468784538733218,0.07431533820440915,0.0739446889088118,0.07357588823428847,0.07320892696080307,0.07284379591430466,0.07248048596649806,0.07211898803461567,0.07175929308119032,0.07140139211382948,0.0710452761849903,0.07069093639175604,0.07033836387561339,0.06998754982223107,0.06963848546123952,0.06929116206601148,0.06894557095344404,0.06860170348374132,0.06825955106019875,0.06791910512898783,0.0675803571789426,0.06724329874134666,0.06690792138972153,0.06657421673961592,0.0662421764483962,0.06591179221503782,0.06558305577991771,0.06525595892460789,0.06493049347166995,0.06460665128445058,0.06428442426687828,0.06396380436326077,0.06364478355808383,0.06332735387581064,0.06301150738068266,0.06269723617652107,0.06238453240652935,0.06207338825309701,0.06176379593760398,0.06145574772022625,0.06114923589974235,0.06084425281334082,0.060540790836428576,0.06023884238244043,0.059938399902649264,0.05963945588597748,0.059342002858809056,0.05904603338480285,0.05875154006470656,0.05845851553617189,0.058166952473570316,0.057876843587810124,0.05758818162615405,0.057300959372038024,0.05701516964489071,0.056730805299954085,0.05644785922810466,0.05616632435567596,0.05588619364428146,0.05560746009063883,0.055330116726394686,0.05505415661795047,0.05477957286628912,0.05450635860680252,0.054234507009119984,0.05396401127693737,0.05369486464784732,0.05342706039317007,0.05316059181778532,0.052895452259964795,0.05263163509120575,0.0523691337160652,0.05210794157199512,0.051848052129178306,0.05158945889036514,0.051332155390711176,0.05107613519761554,0.05082139191056006,0.0505679191609493,0.050315710611951295,0.05006475995833923,0.049815060926333636,0.04956660727344575,0.04931939278832129,0.04907341129058527,0.048828656630687424,0.04858512268974849,0.048342803379407294,0.04810169264166843,0.047861784448750916,0.047623072802937406,0.04738555173642436,0.04714921531117271,0.04691405761875953,0.046680072780230265,0.04644725494595177,0.04621559829546604,0.04598509703734477,0.045755745409044486,0.04552753767676255,0.04530046813529375,0.04507453110788775,0.04484972094610706,0.044626032029685965
pBackTime_1,1.0,0.9993375653205647,0.9993375653205647,0.9391361577378676,0.8228837975643964,0.7262325649767601,0.6556532009532032,0.6029501970584199,0.5620209180106548,0.5290866418176653,0.501781159862605,0.4785657455261461,0.458403098507581,0.4405739060385499,0.4245693786556136,0.41002509921547753,0.39667811430746264,0.3843376757003093,0.37286445835931453,0.36215541459839484,0.34055762838454623,0.3000011864509376,0.2649909320747768,0.23906556952745478,0.21960741651778268,0.20448494496397168,0.19224658111290818,0.1819066063854356,0.1729489979269109,0.16507874859424304,0.15811026213036966,0.15191494190585536,0.14639590074179584,0.14147564505865629,0.13708996702286297,0.13318475867818325,0.12971418050880248,0.12651128253941166,0.12371479743776137,0.12133519247635399,0.1192786358250284,0.11747095076887634,0.11586054698732466,0.11441014727995291,0.11309197500479151,0.1118848014922222,0.11077205391172276,0.10974055787277527,0.10877967576204021,0.10788070052485335,0.10703641933678967,0.10624079323925135,0.1054887177528654,0.10477584118568871,0.1040984247885937,0.10345323375253106,0.10283745126660729,0.10224861004590528,0.10168453725238,0.10114330979649958,0.10062321776642545,0.10012273428028394,0.09964049045870094,0.09917525451207579,0.09872591415949673,0.09829146176426146,0.09787098169912903,0.09746363955301926,0.09706867286733692,0.09668538314985706,0.09631312896115164,0.09595131990582638,0.09559941139058602,0.09525690003502485,0.09492331964031853,0.09459823763664424,0.09428125194292832,0.09397198818299561,0.09367009721082646,0.09337525290477205,0.0930871501965186,0.092805503305549,0.09253004415400583,0.09226052094035452,0.09199669685469485,0.09173834899062064,0.09148526732440702,0.09123725374673729,0.0909941211833182,0.0907556927948027,0.09052180124761791,0.09029228804831516,0.09006700293493641,0.08984580331965514,0.08962855377760978,0.08941512557742563,0.08920539624942303,0.08899924918794996,0.08879657328466291,0.08859726258991812,0.08840121599973444,0.08820833696605063,0.08801853322823379,0.0878317165640001,0.08764780255809225,0.08746671038721968,0.08728836261991198,0.08711268503006472,0.08693960642307108,0.0867690584735361,0.0866009755736617,0.08643529469147336,0.08627195523813319,0.08611089894365095,0.08595206974036446,0.08579541365361473,0.08564087869909057,0.08548841478636071,0.08533797362815243,0.08518950865497121,0.08504297493468906,0.08489832909675915,0.08475552926074144,0.08461453496884859,0.08447530712224431,0.08433780792084669,0.08420200080640772,0.08406785040865765,0.08393532249431851,0.08380438391880524,0.08367500258044641,0.08354714737706866,0.08342078816479957,0.08329589571895475,0.08317244169688369,0.08305039860265773,0.08292973975349183,0.08281043924779873,0.08269247193478121,0.08257581338547439,0.08246043986515564,0.08234632830704544,0.0822334562872271,0.08212180200071797,0.08201134423862949,0.08190206236635662,0.08179393630274157,0.08168694650015976,0.08158107392547947,0.08147630004184926,0.0813726067912701,0.08126997657791206,0.08116839225213722,0.08106783709519332,0.0809682948045441,0.08086974947980491,0.08077218560925353,0.08067558805688788,0.08057994205000416,0.08048523316727023,0.08039144732727045,0.08029857077749958,0.08020659008378457,0.08011549212011412,0.08002526405885715,0.0799358933613521,0.07984736776885011,0.07975967529379611,0.07967280421143226,0.07958674305170954,0.07950148059149362,0.07941700584705207,0.07933330806681045,0.07925037672436568,0.07916820151174526,0.07908677233290223,0.07900607929743517,0.07892611271452422,0.07884686308707364,0.07876832110605243,0.07869047764502458,0.07861332375486128,0.07853685065862745,0.07846104974663548,0.07838591257165939,0.07831143084430293,0.07823759642851538,0.07816440133724914,0.07809183772825357,0.0780198978999995,0.07794857428772944,0.07787785945962855,0.07780774611311152,0.07773822707122102,0.0776692952791335,0.07760094380076785,0.07753316581549352,0.0774659546149339,0.07739930359986158,0.07733320627718199,0.07726765625700206,0.07720264724978089,0.07713817306355912,0.07707422760126445,0.07701080485809021,0.07694789891894446,0.07688550395596705,0.07682361422611209,0.07676222406879361,0.076701327903592,0.07664092022801916,0.07658099561534015,0.07652154871244951,0.07646257423780009,0.07640406697938285,0.0763460217927554,0.07628843359911805,0.0762312973834354,0.076174608192602,0.0761183611336505,0.07606255137200099,0.07600717412974979,0.07595222565285238,0.07589770959799744,0.0758436309432437,0.07578999440825171,0.07573680446001972,0.07568406531844635,0.07563178096171903,0.07557995513152783,0.07552859133810423,0.0754776928650845,0.0754272627741982,0.0753773039097814,0.0753278189031155,0.07527881017659192,0.07523027994770318,0.07518223023286133,0.07513466285104452,0.07508757942727246,0.07504098139591187,0.07499487000381311,0.07494924631327886,0.0749041112048661,0.07485946538002272,0.0748153093635598,0.07477164350596088,0.0747284679855296,0.07468578281037672,0.07464358782024831,0.07460188268819577,0.07456066692208961,0.07451993986597784,0.07447970070129055,0.07443994844789187,0.07440068196498065,0.07436189995184105,0.07432360094844451,0.07428578333590427,0.0742484453367836,0.0742115850152593,0.07417520027714151,0.0741392888697511,0.07410384838165608,0.07406887624226813,0.07403436972130063,0.07400032592808949,0.07396674181077798,0.07393361415536706,0.0739009395846325,0.07386871455690999,0.07383693536475017,0.07380559813344437,0.07377469881942321,0.07374423320852924,0.07371419691416546,0.07368458537532134,0.07365539385447822,0.07362661743539593,0.07359825102078271,0.0735702893298504,0.07354272689575728,0.07351555806294086,0.0734887769843431,0.07346237761853085,0.0734363537267142,0.07341069886966586,0.07338540640454483,0.07336046948162768,0.07333588104095115,0.07331163380887012,0.07328772029453481,0.07326413278629197,0.0732408633480145,0.07321790381536485,0.07319524579199722,0.07317288064570451,0.07315079950451603,0.07312899325275227,0.0731074525270438,0.07308616771232146
mcAbate,0.02757974725342215,0.024155459951967537,0.02856909851036007,0.03150880448457766,0.03336731248239044,0.03446486246039177,0.03506285039763932,0.035373898649304236,0.03556928709405306,0.035784488271179554,0.03612339520269473,0.036661707869304394,0.03744984368316037,0.03851565065429882,0.03986712363524083,0.041495250949564175,0.043377050069623654,0.04547878789197175,0.04775932597077593,0.05008062404142499,0.05210200419419156,0.05374732585394232,0.05497399830565169,0.05575702092352274,0.05609114669545583,0.05664163488894324,0.05829786757997857,0.06063387228410596,0.06326504512281793,0.06588457367354039,0.06826999073431102,0.0702848322299085,0.07187580520233948,0.07306573188213249,0.07394241134230216,0.07464344587133726,0.07881546205488853,0.07949395684885288,0.07865008013148374,0.07830292387852995,0.07794782278630777,0.0775886996628568,0.07722847035630175,0.07686923806893795,0.07651247196302494,0.07615916225523095,0.07580994854517696,0.07546522153415514,0.07512520053674228,0.07478999040261008,0.07445962187024384,0.07413407921831015,0.0738133185956406,0.0734972797834624,0.07318589350467454,0.07287908582330183,0.0725767807091789,0.07227890148531668,0.0719853716176995,0.07169611513089263,0.07141105681768496,0.0711301223390473,0.07085323826757267,0.07058033210274409,0.07031133227262562,0.07004616812924296,0.0697847699411476,0.0695270688847912,0.06927299703544203,0.06902248735796197,0.06877547369757758,0.06853189077070079,0.06829167415581874,0.06805476028446175,0.06782108643225127,0.06759059071002824,0.06736321205506204,0.06713889022233883,0.06691756577592917,0.0666991800804343,0.06648367529250993,0.06627099435246764,0.06606108097595262,0.06585387964569735,0.06564933560335075,0.06544739484138193,0.06524800409505814,0.06505111083449602,0.06485666325678587,0.06466461027818808,0.06447490152640147,0.06428748733290221,0.06410231872535387,0.0639193474200868,0.06373852581464723,0.06355980698041483,0.06338314465528873,0.06320849323644086,0.06303580777313651,0.06286504395962145,0.06269615812807477,0.06252910724162725,0.06236384888744455,0.06220034126987475,0.06203854320365949,0.06187841410720856,0.06171991399593704,0.06156300347566472,0.06140764373607698,0.06125379654424719,0.06110142423821932,0.060950489720650994,0.06080095645251598,0.06065278844686585,0.06050595026265034,0.060360406998595705,0.06021612428714076,0.06007306828843021,0.05993120568436445,0.05979050367270568,0.059650929961239725,0.05951245276199311,0.05937504078550498,0.05923866323515312,0.05910328980153421,0.058968890656897116,0.05883543644962941,0.05870289829879627,0.05857124778873148,0.05844045696368009,0.05831049832249206,0.05818134481336707,0.05805296982864917,0.057925347199671684,0.05779845119165139,0.05767225649863179,0.05754673823847506,0.057421871947902194,0.057297633577580845,0.05717399948726075,0.05705094644095594,0.05692845160217376,0.056806492529189845,0.056685047170369096,0.0565640938595319,0.05644361131136547,0.056323578616879796,0.05620397523890773,0.0560847810076491,0.055965976116258205,0.055847541116474476,0.05572945691429577,0.055611704765694214,0.05549426627237391,0.055377123377570336,0.0552602583618911,0.055143653839197414,0.05502729275252646,0.0549111583700537,0.054795234281095145,0.05467950439214928,0.05456395292297802,0.05444856440272658,0.05433332366608175,0.05421821584946864,0.05410322638728491,0.05398834100817269,0.053873545731327764,0.0537588268628454,0.053644170992102926,0.05352956498817846,0.05341499599630547,0.05330045143436305,0.0531859189894014,0.053071386614202284,0.052956842523874184,0.0528422751924818,0.05272767334970959,0.05261302597755912,0.05249832230707983,0.05238355181513297,0.05226870422118848,0.052153769484154365,0.0520387377992384,0.05192359959484194,0.05180834552948534,0.051692966488764855,0.05157745358234078,0.05146179814095637,0.051345991713487575,0.05123002606402291,0.05111389316897354,0.050997585214213145,0.05088109459224731,0.050764413899412324,0.050647535933102825,0.05053045368902831,0.05041316035849816,0.05029564932573499,0.05017791416521579,0.05005994863904105,0.049941746694331254,0.04982330246065069,0.04970461024745829,0.04958566454158519,0.04946646000473877,0.04934699147103323,0.049227253944545905,0.04910724259689964,0.04898695276487067,0.048866379948021774,0.04874551980636077,0.048624368158023686,0.04850292097698278,0.048381174390778846,0.04825912467827804,0.048136768267452265,0.0480141017331839,0.0478911217950936,0.04776782531539181,0.047644209296753254,0.0475206019689573,0.04739950503732867,0.04728133447302391,0.04716596789505098,0.04705328495785334,0.046943167327591184,0.04683549865865099,0.046730164570381316,0.04662705262405327,0.046526052300043204,0.046427054975236345,0.046329953900648854,0.046234644179266926,0.04614102274410084,0.046048988336452136,0.04595844148439213,0.04586928448144991,0.04578142136550809,0.045694757897904364,0.045609201542737426,0.045524661446374966,0.045441048417162594,0.04535827490533148,0.04527625498310331,0.0451949043249906,0.045114140188291,0.04503388139377343,0.04495404830655506,0.04487456281716669,0.0447953483228056,0.04471632970877377,0.044637433330100215,0.04455858699334534,0.0444797199385865,0.04440076282158227,0.044321647696114644,0.04424230799650719,0.04416267852031774,0.04408269541120408,0.0440022961419612,0.04392141949772847,0.043840005559365305,0.043757995686994025,0.04367533250370804,0.04359195987944438,0.04350782291501877,0.043422867926322016,0.04333704242867614,0.04323155071264784,0.043121522852362204,0.04301242110257831,0.042904287035462105,0.04279716208783851,0.04269108756361482,0.04258610463606996,0.042482254350007013,0.04237957762376713,0.04227811525110256,0.042177907902906465,0.04207899612879714,0.04198142035855421,0.041885220903404304,0.04179043795715357,0.04169711159716449,0.04160528178517402,0.04151498836795054,0.04142627107778658,0.04133916953282449,0.04125261862173179,0.04113660316582992,0.04101880739491115,0.0408992033092801,0.04077776376560152,0.04065446246495027,0.040529273940986654,0.04040217354825637,0.04027313745061376,0.0401421426097673,0.04000916677394613,0.03986562228301995
mcAbateTech_0,0.02757974725342215,0.024155459951967537,0.02856909851036007,0.03150880448457766,0.03336731248239044,0.03446486246039177,0.03506285039763932,0.035373898649304236,0.03556928709405306,0.035784488271179554,0.03612339520269473,0.036661707869304394,0.03744984368316037,0.03851565065429882,0.03986712363524083,0.041495250949564175,0.043377050069623654,0.04547878789197175,0.04775932597077593,0.05008062404142499,0.05210200419419156,0.05374732585394232,0.05497399830565169,0.05575702092352274,0.05609114669545583,0.05664163488894324,0.05829786757997857,0.06063387228410596,0.06326504512281793,0.06588457367354039,0.06826999073431102,0.0702848322299085,0.07187580520233948,0.07306573188213249,0.07394241134230216,0.07464344587133726,0.07881546205488853,0.07949395684885288,0.07865008013148374,0.07830292387852995,0.07794782278630777,0.0775886996628568,0.07722847035630175,0.07686923806893795,0.07651247196302494,0.07615916225523095,0.07580994854517696,0.07546522153415514,0.07512520053674228,0.07478999040261008,0.07445962187024384,0.07413407921831015,0.0738133185956406,0.0734972797834624,0.07318589350467454,0.07287908582330183,0.0725767807091789,0.07227890148531668,0.0719853716176995,0.07169611513089263,0.07141105681768496,0.0711301223390473,0.07085323826757267,0.07058033210274409,0.07031133227262562,0.07004616812924296,0.0697847699411476,0.0695270688847912,0.06927299703544203,0.06902248735796197,0.06877547369757758,0.06853189077070079,0.06829167415581874,0.06805476028446175,0.06782108643225127,0.06759059071002824,0.06736321205506204,0.06713889022233883,0.06691756577592917,0.0666991800804343,0.06648367529250993,0.06627099435246764,0.06606108097595262,0.06585387964569735,0.06564933560335075,0.06544739484138193,0.06524800409505814,0.06505111083449602,0.06485666325678587,0.06466461027818808,0.06447490152640147,0.06428748733290221,0.06410231872535387,0.0639193474200868,0.06373852581464723,0.06355980698041483,0.06338314465528873,0.06320849323644086,0.06303580777313651,0.06286504395962145,0.06269615812807477,0.06252910724162725,0.06236384888744455,0.06220034126987475,0.06203854320365949,0.06187841410720856,0.06171991399593704,0.06156300347566472,0.06140764373607698,0.06125379654424719,0.06110142423821932,0.060950489720650994,0.06080095645251598,0.06065278844686585,0.06050595026265034,0.060360406998595705,0.06021612428714076,0.06007306828843021,0.05993120568436445,0.05979050367270568,0.059650929961239725,0.05951245276199311,0.05937504078550498,0.05923866323515312,0.05910328980153421,0.058968890656897116,0.05883543644962941,0.05870289829879627,0.05857124778873148,0.05844045696368009,0.05831049832249206,0.05818134481336707,0.05805296982864917,0.057925347199671684,0.05779845119165139,0.05767225649863179,0.05754673823847506,0.057421871947902194,0.057297633577580845,0.05717399948726075,0.05705094644095594,0.05692845160217376,0.056806492529189845,0.056685047170369096,0.0565640938595319,0.05644361131136547,0.056323578616879796,0.05620397523890773,0.0560847810076491,0.055965976116258205,0.055847541116474476,0.05572945691429577,0.055611704765694214,0.05549426627237391,0.055377123377570336,0.0552602583618911,0.055143653839197414,0.05502729275252646,0.0549111583700537,0.054795234281095145,0.05467950439214928,0.05456395292297802,0.05444856440272658,0.05433332366608175,0.05421821584946864,0.05410322638728491,0.05398834100817269,0.053873545731327764,0.0537588268628454,0.053644170992102926,0.05352956498817846,0.05341499599630547,0.05330045143436305,0.0531859189894014,0.053071386614202284,0.052956842523874184,0.0528422751924818,0.05272767334970959,0.05261302597755912,0.05249832230707983,0.05238355181513297,0.05226870422118848,0.052153769484154365,0.0520387377992384,0.05192359959484194,0.05180834552948534,0.051692966488764855,0.05157745358234078,0.05146179814095637,0.051345991713487575,0.05123002606402291,0.05111389316897354,0.050997585214213145,0.05088109459224731,0.050764413899412324,0.050647535933102825,0.05053045368902831,0.05041316035849816,0.05029564932573499,0.05017791416521579,0.05005994863904105,0.049941746694331254,0.04982330246065069,0.04970461024745829,0.04958566454158519,0.04946646000473877,0.04934699147103323,0.049227253944545905,0.04910724259689964,0.04898695276487067,0.048866379948021774,0.04874551980636077,0.048624368158023686,0.04850292097698278,0.048381174390778846,0.04825912467827804,0.048136768267452265,0.0480141017331839,0.0478911217950936,0.04776782531539181,0.047644209296753254,0.0475206019689573,0.04739950503732867,0.04728133447302391,0.04716596789505098,0.04705328495785334,0.046943167327591184,0.04683549865865099,0.046730164570381316,0.04662705262405327,0.046526052300043204,0.046427054975236345,0.046329953900648854,0.046234644179266926,0.04614102274410084,0.046048988336452136,0.04595844148439213,0.04586928448144991,0.04578142136550809,0.045694757897904364,0.045609201542737426,0.045524661446374966,0.045441048417162594,0.04535827490533148,0.04527625498310331,0.0451949043249906,0.045114140188291,0.04503388139377343,0.04495404830655506,0.04487456281716669,0.0447953483228056,0.04471632970877377,0.044637433330100215,0.04455858699334534,0.0444797199385865,0.04440076282158227,0.044321647696114644,0.04424230799650719,0.04416267852031774,0.04408269541120408,0.0440022961419612,0.04392141949772847,0.043840005559365305,0.043757995686994025,0.04367533250370804,0.04359195987944438,0.04350782291501877,0.043422867926322016,0.04333704242867614,0.043250295121349126,0.04316257587222643,0.043073835702638376,0.042984026772341706,0.042893102364654066,0.042801016871740066,0.042707725780047556,0.04261318565589278,0.042517354131193195,0.04242018988934636,0.04232165265125407,0.042221703161489946,0.04212030317460953,0.042017415441601556,0.04191300369647898,0.04180703264300886,0.041699467941579395,0.041590276196203396,0.04147942494165647,0.041366882630749224,0.04125261862173179,0.04113660316582992,0.04101880739491115,0.0408992033092801,0.04077776376560152,0.04065446246495027,0.040529273940986654,0.04040217354825637,0.04027313745061376,0.0401421426097673,0.04000916677394613,0.03986562228301995
mcAbateTech_1,0.5000000024154053,0.49966878266028236,0.4996690706955764,0.46956927606024984,0.4114444046158286,0.3631203537581872,0.3278324581803004,0.3014829444130961,0.28102049379736593,0.26455576595395314,0.25090569790602474,0.2393009849664258,0.2292230479281526,0.22031230777721098,0.2123144473351334,0.20504732975696183,0.1983795390253289,0.19221574674219813,0.1864863188316643,0.18123219805709254,0.17088661688735482,0.1512981695610022,0.1346355493370836,0.12264913797250933,0.11401346540261627,0.10770590213965647,0.10312455867740868,0.09979653404952347,0.09745675664294819,0.09592490804073586,0.09505096309137827,0.09469142227881863,0.09469974342362109,0.09492374763868754,0.09520662218599384,0.0953899516913322,0.09672453024474063,0.09610957320991843,0.09420064247690829,0.0924051000930247,0.09084816349017363,0.0894752828914504,0.08824856355344683,0.08714060631546336,0.08613094959525874,0.08520390289867923,0.08434716831574313,0.08355092965281574,0.08280723036855347,0.08210953621991728,0.08145241982443419,0.08083132804016276,0.08024240709942991,0.07968236898150009,0.07914838785407072,0.07863801884026998,0.07814913362078833,0.07767986889934919,0.07722858480818982,0.07679383107034775,0.07637431926831299,0.07596889995847358,0.07557654365995375,0.07519632496329602,0.07482740916853525,0.07446904098737012,0.07412053494026688,0.07378126715366545,0.07345066832031448,0.07312821763108407,0.07281343752233532,0.07250588911127062,0.0722051682143122,0.07191090186172033,0.07162274523632892,0.07134037897618263,0.0710635067905767,0.07079185334696866,0.0705251623927983,0.070263195081686,0.07000572847799894,0.0697525542175447,0.06950347730531307,0.06925831503384454,0.06901689600917228,0.06877905932532524,0.0685446537901746,0.0683135371915491,0.06808557563084636,0.06786064291685885,0.06763862001342948,0.06741939453532622,0.06720286028739283,0.06698891684261297,0.06677746915522699,0.0665684272054798,0.0663617056729599,0.066157223635824,0.06595490429349514,0.06575467471067925,0.06555646558077224,0.06536021100692863,0.06516584829924042,0.06497331778663024,0.06478256264220196,0.06459352872091512,0.06440616440855848,0.06422042048109676,0.06403624997355035,0.0638536080576475,0.06367245192755644,0.06349274069306919,0.06331443527966367,0.06313749833492234,0.06296189414083045,0.0627875885315183,0.06261454881604922,0.06244274370588784,0.06227214324671452,0.06210271875427842,0.06193444275400714,0.0617672889241135,0.061601232041960385,0.06143624793346377,0.06127231342533059,0.061109406299944394,0.06094750525272529,0.06078658985180431,0.06062664049986388,0.060467638398007,0.06030956551152809,0.06015240453746737,0.059996138873838804,0.05984075259043027,0.05968623040108084,0.05953255763734696,0.05937972022347576,0.05922770465260858,0.0590764979641436,0.058926087722190865,0.0587764619950576,0.05862760933570552,0.05847951876312606,0.058332179744582296,0.05818558217867049,0.0580397163791561,0.057894573059542834,0.057750143318335403,0.05760641862495916,0.057463390806302264,0.05732105203384761,0.05717939481136422,0.05703841196312947,0.05689809662265498,0.05675844222189079,0.05661944248088396,0.05648109139786898,0.05634338323976871,0.05620631253308576,0.056069874055165426,0.055934062825812245,0.05579887409924327,0.05566430335636217,0.055530346297338905,0.05539699883448088,0.05526425708538196,0.05513211736633642,0.05500057618600604,0.05486963023932856,0.05473927640165665,0.05460951172311724,0.05448033342318124,0.05435173888543442,0.054223725652540654,0.05409629142138901,0.05396943403841694,0.05384315149510176,0.05371744192361341,0.053592303592621515,0.05346773490325034,0.05334373438517524,0.05322030069285504,0.0530974326018943,0.05297512900553045,0.05285338891124046,0.05273221143746232,0.05261159581042656,0.052491541361093456,0.05237204752219163,0.05225311382535408,0.05213473989834765,0.05201692546239241,0.051899670329567285,0.05178297440029863,0.051666837660928513,0.05155126018135962,0.05143624211277382,0.05132178368542157,0.05120788520647956,0.05109454705797372,0.05098176969476552,0.05086955364259881,0.0507578994962051,0.050646807917465134,0.05053627963362455,0.05042631543556165,0.050316916176105425,0.05020808276840181,0.05009981618432665,0.04999211745294338,0.04988498765900397,0.04977842794149153,0.049672439492203,0.04956702355437046,0.04946218142131979,0.04935791443516515,0.04925422398553806,0.04915111150834995,0.04904857848458668,0.04894662643913424,0.04884525693963416,0.04874428164750469,0.048642257425290394,0.04853892804562726,0.04843434663369877,0.048328565939349456,0.04822163834368327,0.04811361586565636,0.04800455016865688,0.047894492567065045,0.047783494032787165,0.04767160520175746,0.04755887638040234,0.047445357552061695,0.04733109838336242,0.04721614823053963,0.047100556145701196,0.04698437088303165,0.046867640904931916,0.04675041438809102,0.046632739229486804,0.04651466305231264,0.046396233211827,0.046277496801123495,0.04615850065681873,0.04603929136465573,0.04591991526502057,0.04580041845837022,0.04568084681056964,0.045561245958136196,0.04544166131338957,0.04532213806950557,0.04520272120547211,0.045083455490945744,0.044964385491007335,0.044845555570815286,0.04472700990015482,0.04460879245788199,0.04449094703626097,0.04437351724519302,0.04425654651633607,0.044140078107113144,0.04402415510460837,0.043908820429349224,0.04379411683897322,0.04368008693177789,0.04356677315015231,0.04345421778388866,0.04334246297337216,0.04323155071264784,0.043121522852362204,0.04301242110257831,0.042904287035462105,0.04279716208783851,0.04269108756361482,0.04258610463606996,0.042482254350007013,0.04237957762376713,0.04227811525110256,0.042177907902906465,0.04207899612879714,0.04198142035855421,0.041885220903404304,0.04179043795715357,0.04169711159716449,0.04160528178517402,0.04151498836795054,0.04142627107778658,0.04133916953282449,0.041253723237211846,0.04116997158108399,0.04108795384037017,0.04100770917642036,0.04092927663544956,0.04085269514779644,0.040778003526992936,0.04070524046864159,0.04063444454909765,0.04056565422395215,0.04049890782631328,0.04044125818737575
miu,0.9344973254151875,0.8548554355231971,0.8195586971362622,0.7858804098894722,0.7538149840266753,0.7233568297917204,0.6945003574284556,0.6672399771807297,0.6415700992923905,0.6174851340072869,0.5949794915692671,0.5740475822221799,0.5546838162098733,0.536882603776196,0.5206383551649962,0.5059454806201226,0.49279839038542345,0.4811914947047472,0.4711192038219424,0.4625759279808573,0.4555560774253405,0.4500540623992403,0.4460642931464052,0.44358117991068363,0.44259913293592396,0.4474096643651321,0.46459918259643534,0.49249607992521893,0.5292743256092085,0.5731078889061303,0.6221707390737099,0.6746368453696734,0.7286801770517464,0.7824747033776549,0.8341943936051248,0.882013216991882,0.9241051427956524,0.9586441402741617,0.983804178685136,0.9977592272863011,0.9999995822170483,0.9999953621529021,0.9999866073126734,0.999973328265652,0.9999555355811277,0.99993323982839,0.9999064515767289,0.9998751813954337,0.9998394398537945,0.9997992375211008,0.9997545849666423,0.9997054927597088,0.9996519714695902,0.9995940316655758,0.9995316839169556,0.9994649387930192,0.9993938068630563,0.9993182986963567,0.9992384248622102,0.9991541959299063,0.9990656224687346,0.9989727150479851,0.9988754842369476,0.9987739406049115,0.9986680947211667,0.9985579571550027,0.9984435384757094,0.9983248492525766,0.9982019000548938,0.9980747014519509,0.9979432640130373,0.9978075983074431,0.9976677149044578,0.9975236243733712,0.9973753372834729,0.9972228642040526,0.9970662157044001,0.9969054023538052,0.9967404347215575,0.9965713233769466,0.9963980788892625,0.9962207118277946,0.9960392327618327,0.9958536522606667,0.9956639808935862,0.9954702292298808,0.9952724078388403,0.9950705272897544,0.9948645981519129,0.9946546309946054,0.9944406363871215,0.9942226248987514,0.9940006070987842,0.9937745935565101,0.9935445948412184,0.993310621522199,0.9930726841687417,0.9928307933501362,0.9925849596356721,0.9923351935946391,0.9920815057963269,0.9918239068100255,0.9915624072050242,0.991297017550613,0.9910277484160814,0.9907546103707194,0.9904776139838165,0.9901967698246624,0.989912088462547,0.9896235804667596,0.9893312564065904,0.9890351268513288,0.9887352023702647,0.9884314935326877,0.9881240109078874,0.9878127650651538,0.9874977665737764,0.987179026003045,0.9868565539222492,0.9865303609006789,0.9862004575076236,0.9858668543123733,0.9855295618842175,0.9851885907924458,0.9848439516063481,0.9844956548952141,0.9841437112283334,0.9837881311749959,0.9834289253044911,0.983066104186109,0.9826996783891389,0.9823296584828709,0.9819560550365944,0.9815788786195995,0.9811981398011753,0.9808138491506122,0.9804260172371995,0.9800346546302271,0.9796397718989844,0.9792413796127616,0.9788394883408479,0.9784341086525333,0.9780252511171076,0.9776129263038604,0.9771971447820813,0.97677791712106,0.9763552538900865,0.9759291656584502,0.9754996629954411,0.9750667564703486,0.9746304566524627,0.9741907741110728,0.9737477194154689,0.9733013031349407,0.9728515358387776,0.9723984280962696,0.9719419904767064,0.9714822335493775,0.9710191678835729,0.9705528040485821,0.970083152613695,0.9696102241482011,0.9691340292213901,0.9686545784025521,0.9681642672031794,0.9674936931382441,0.9665760223928501,0.9654150314993002,0.9640144969898959,0.9623781953969397,0.9605099032527338,0.9584133970895802,0.956092453439781,0.9535508488356383,0.9507923598094545,0.9478207628935315,0.9446398346201714,0.9412533515216768,0.9376650901303493,0.9338788269784913,0.9298983385984049,0.9257274015223922,0.9213697922827554,0.9168292874117966,0.9121096634418182,0.9072146969051219,0.9021481643340101,0.8969138422607849,0.8915155072177484,0.8859569357372028,0.8802419043514503,0.874374189592793,0.8683575679935329,0.8621958160859724,0.8558927104024134,0.8494520274751582,0.8428775438365088,0.8361730360187676,0.8293422805542365,0.8223890539752177,0.8153171328140134,0.8081302936029255,0.8008323128742566,0.7934269671603086,0.7859180329933835,0.7783092869057837,0.7706045054298112,0.762807465097768,0.7549219424419565,0.7469517139946789,0.738900556288237,0.7307722458549333,0.7225705592270696,0.7142992729369484,0.7059621635168715,0.6975630074991412,0.6891055814160599,0.6805936617999294,0.6720310251830519,0.6634214480977294,0.6547687070762644,0.6460765786509589,0.6373488393541151,0.6285892657180349,0.6198016342750206,0.6109897215573743,0.6021573040973982,0.5933081584273945,0.5844460610796652,0.5755747885865128,0.5666981174802388,0.5578198242931458,0.5489436855575358,0.540073477805711,0.5312129775699735,0.5223659613826257,0.5135362057759695,0.5047274872823068,0.4959435824339402,0.4871882677631715,0.47846531980230306,0.46977851508363694,0.4611316301394754,0.45252844150212035,0.4439727257038741,0.43546825927703875,0.42701881875391634,0.4186281806668093,0.41030012154801954,0.40203841792984935,0.3938468463446005,0.3857291833245756,0.37768920540207657,0.36973068910940565,0.3618574109788648,0.35407314754275654,0.34638167533338243,0.338786770883045,0.33129221072404635,0.3239017713886887,0.3166192294092741,0.30944836131810505,0.3023929436474826,0.29545675292970996,0.28864356569708916,0.28195715848192193,0.2754013078165105,0.2689797902331572,0.26269638226416414,0.2565548604418335,0.2505590012984671,0.24471258136636753,0.23901937717783683,0.23348316526517654,0.22810772216069009,0.22289682439667824,0.21785424850544388,0.212983771019289,0.2082891684705157,0.20377421739142632,0.19944269431432282,0.1952983757715071,0.1913450382952817,0.18758645841794908,0.18402641267181052,0.1806686775891687,0.1775170297023254,0.1745752455435834,0.17184710164524408,0.16933637453961037,0.16704684075898357,0.16498227683566635,0.16314645930196114,0.16154316469016972,0.16017616953259362,0.15904925036153594,0.15816618370929847,0.15753074610818385,0.15714671409049275,0.15701786418852867,0.9573490035779615
miuTech_0,0.13789873626711074,0.121382698494226,0.14428111361916623,0.15992499541358565,0.17020688453813115,0.17668672303717228,0.18065336582790653,0.1831695330914992,0.18510448618916345,0.18715785842115262,0.18987740639780648,0.19367291683644133,0.1988280634259528,0.2055116208788196,0.2137890813093456,0.2236353666775784,0.23494898687156232,0.24756766275373066,0.261285131421587,0.27535800848697095,0.28790809904437964,0.29848862552109623,0.30683134377021065,0.31276160366121475,0.3162129565030168,0.32091690476791,0.3319563314368994,0.34698848603409466,0.36386061894148836,0.3808258711842572,0.3965920649293257,0.41034321949095365,0.42173519383117536,0.43086610697699257,0.4382214944117838,0.44459361244569917,0.47179619827290364,0.4782429737962754,0.4755378887735365,0.4758120183192326,0.4760284287188822,0.4762103679702838,0.47637534741294596,0.4765361966524461,0.4767020545642237,0.4768792446918386,0.47707200995856464,0.4772831022646154,0.47751423675029375,0.4777664287638178,0.4780402349917575,0.4783359201498987,0.4786535684166619,0.47899315552607086,0.4793545939313646,0.4797377602134343,0.48014251119895596,0.4805686931475346,0.4810161468281112,0.4814847102385394,0.4819742200183121,0.48248451216021554,0.48301542235799827,0.48356678617111043,0.4841384391004177,0.48473021662196225,0.48534195420156767,0.48597348730097006,0.48662465138031624,0.4872952818991537,0.48798521431680736,0.48869428409252486,0.48942232668552604,0.4901691775550207,0.4909346721602165,0.4917186459603192,0.49252093441453504,0.49334137298206976,0.4941797971221291,0.49503604229391895,0.495909943956645,0.4968013375695131,0.497710058591729,0.4986359424824985,0.49957882470102727,0.5005385407065212,0.501514925958186,0.5025078159152276,0.5035170460368517,0.504542451782264,0.5055838686106704,0.5066411319812766,0.5077140773532884,0.5088025401859115,0.5099063559383519,0.5110253600698151,0.5121593880395071,0.5133082753066336,0.5144718573304004,0.5156499695700132,0.516842447484678,0.5180491265336004,0.519269842175986,0.5205044298710411,0.5217527250779709,0.5230145632559815,0.5242897798642786,0.5255782103620682,0.5268796902085557,0.5281940548629471,0.5295211397844483,0.5308607804322648,0.5322128122656026,0.5335770707436672,0.5349533913256648,0.5363416094708009,0.5377415606382813,0.5391530802873118,0.5405760038770983,0.5420101668668463,0.5434554047157619,0.5449115528830506,0.5463784468279185,0.547855922009571,0.5493438138872143,0.5508419579200539,0.5523501895672955,0.553868344288145,0.5553962575418083,0.5569337647874912,0.5584807014843992,0.5600369030917383,0.5616022050687143,0.5631764428745327,0.5647594519683997,0.5663510678095207,0.5679511258571017,0.5695594615703484,0.5711759104084667,0.5728003078306623,0.5744324892961409,0.5760722902641083,0.5777195461937704,0.5793740925443329,0.5810357647750016,0.5827043983449822,0.5843798287134807,0.5860618913397027,0.5877504216828539,0.5894452552021402,0.5911462273567675,0.5928531736059413,0.5945659294088677,0.5962843302247521,0.5980082115128006,0.599737408732219,0.6014717573422128,0.603211092801988,0.6049552505707504,0.6067040661077056,0.6084573748720594,0.6102150123230177,0.6119768139197864,0.6137426151215709,0.6155122513875773,0.6172855581770114,0.6190623709490786,0.6208425251629852,0.6226258562779367,0.6244121997531387,0.6262013910477973,0.6279932656211181,0.629787658932307,0.6315844064405698,0.6333833436051122,0.63518430588514,0.6369871287398589,0.6387916476284746,0.6405976980101932,0.6424051153442203,0.6442137350897617,0.646023392706023,0.6478339236522105,0.6496451633875293,0.6514569473711856,0.6532691110623852,0.6550814899203337,0.656893919404237,0.6587062349733007,0.6605182720867309,0.662329866203733,0.6641408527835131,0.6659510672852769,0.6677603451682299,0.6695685218915783,0.6713754329145277,0.673180913696284,0.6749847996960526,0.6767869263730396,0.6785871291864508,0.6803852435954919,0.6821811050593688,0.6839745490372868,0.6857654109884523,0.6875535263720709,0.6893387306473482,0.6911208592734901,0.6928997477097023,0.6946752314151906,0.6964471458491609,0.698215326470819,0.6999796087393704,0.7017398281140212,0.703495820053977,0.7052474200184436,0.7069944634666269,0.7087367858577325,0.7104742226509664,0.7122066093055341,0.7139337812806416,0.7156555740354945,0.7173768211854674,0.7191354300105717,0.7209382653911348,0.7227840747776489,0.7246716056206061,0.7265996053704983,0.7285668214778176,0.7305720013930561,0.7326138925667058,0.7346912424492589,0.7368027984912072,0.738947308143043,0.7411235188552583,0.7433301780783449,0.7455660332627951,0.7478298318591011,0.7501203213177546,0.752436249089248,0.7547763626240729,0.7571394093727218,0.7595241367856866,0.7619292923134593,0.764353623406532,0.7667958775153967,0.7692548020905455,0.7717291445824705,0.7742176524416636,0.7767190731186172,0.779232154063823,0.7817556427277731,0.7842882865609596,0.7868288330138747,0.7893760295370102,0.7919286235808584,0.7944853625959113,0.7970449940326607,0.799606265341599,0.8021679239732181,0.80472871737801,0.8072873930064668,0.8098426983090806,0.8123933807363434,0.8149381877387473,0.8174758667667843,0.8200051652709466,0.822524830701726,0.8250336105096148,0.8275302521451048,0.8300135030586883,0.8324821107008572,0.8349348225221036,0.8373703859729197,0.8397875485037973,0.8421850575652287,0.8445616606077057,0.8469161050817204,0.8492471384377651,0.8515535081263317,0.8538339615979121,0.8560872463029987,0.8583121096920832,0.8605072992156578,0.8626715623242147,0.8648036464682457,0.8669022990982429,0.8689662676646985,0.8709942996181045,0.872985142408953,0.8749375434877358,0.8768502503049452,0.8787220103110733,0.880551570956612,0.8823376796920535,0.8840790839678895,0.8857745312346125,0.8874227689427143,0.889022544542687,0.8905726054850227,0.8920716992202135,0.8933266183401807
miuTech_1,4.8308105928439385e-09,0.0,5.764524501624319e-07,2.549558562346803e-06,6.0903705669972935e-06,1.1212027671145782e-05,1.786829894295701e-05,2.6024981580113364e-05,3.570967455831085e-05,4.7043505304662116e-05,6.0257243322608857e-05,7.569368899485734e-05,9.37981197426262e-05,0.00011509877270774307,0.00014017971536647996,0.0001696488790056869,0.0002041043865919681,0.00024410249116481376,0.00029013037201256777,0.000853173812499418,0.0035694557656209005,0.008650474692343162,0.01615212477603796,0.026071116931993377,0.038338934180613585,0.05343600878424809,0.07283633425806077,0.09722825391033978,0.12699995734157304,0.16217149521184518,0.2023376827116267,0.2466373760324479,0.2937485673269871,0.34190938093029133,0.3889655713479879,0.43244546355074565,0.4913485921946189,0.5193834301692059,0.5228678287138431,0.5231376521042361,0.523293133959717,0.5233601550989859,0.523358310454056,0.523302056455481,0.5232017937896924,0.5230648267200488,0.5228961698762336,0.5226991965846983,0.5224761388275788,0.5222284582959495,0.5219571119647505,0.521662735671275,0.5213457668035834,0.521006523637128,0.5206452550037662,0.5202621704098457,0.51985745773076,0.5194312932855368,0.5189838473967631,0.5185152873651652,0.5180257790125353,0.5175154874577429,0.5169845774952058,0.5164332137739049,0.5158615608795024,0.5152697833708866,0.514658045795948,0.5140265126981879,0.5133753486194047,0.5127047181007565,0.5120147856831642,0.5113057159074661,0.5105776733144712,0.5098308224449785,0.5090653278397834,0.5082813540396808,0.507479065585465,0.5066586270179304,0.5058202028778709,0.504963957706081,0.504090056043355,0.5031986624304869,0.502289941408271,0.5013640575175016,0.5004211752989728,0.49946145929347885,0.49848507404181397,0.4974921840847724,0.49648295396314834,0.495457548217736,0.4944161313893296,0.4933588680187235,0.49228592264671167,0.4911974598140885,0.49009364406164824,0.4889746399301849,0.4878406119604929,0.4866917246933664,0.4855281426695996,0.48435003042998676,0.4831575525153221,0.48195087346639975,0.48073015782401396,0.4794955701289591,0.4782472749220292,0.4769854367440185,0.47571022013572134,0.47442178963793186,0.47312030979144426,0.4718059451370528,0.47047886021555174,0.46913921956773524,0.4677871877343975,0.4664229292563327,0.4650466086743352,0.46365839052919916,0.4622584393617188,0.46084691971268826,0.45942399612290186,0.4579898331331537,0.45654459528423824,0.4550884471169494,0.45362155317208164,0.452144077990429,0.4506561861127858,0.4491580420799463,0.44764981043270463,0.446131655711855,0.4446037424581917,0.4430662352125089,0.4415192985156008,0.43996309690826174,0.43839779493128583,0.4368235571254673,0.4352405480316004,0.43364893219047934,0.43204887414289833,0.4304405384296516,0.4288240895915333,0.42719969216933773,0.4255675107038592,0.42392770973589167,0.42228045380622964,0.42062590745566714,0.41896423522499837,0.4172956016550178,0.41562017128651935,0.41393810866029745,0.41224957831714615,0.4105547447978598,0.40885377264323264,0.4071468263940587,0.4054340705911324,0.40371566977524787,0.40199178848719935,0.4002625912677811,0.39852824265778725,0.3967889071980121,0.3950447494292497,0.3932959338922945,0.39154262512794064,0.3897849876769823,0.3880231860802137,0.38625738487842914,0.3844877486124227,0.38271444182298875,0.3809376290509214,0.3791574748370149,0.37737414372206346,0.37558780024686134,0.3737986089522027,0.3720067343788819,0.37021234106769296,0.3684155935594302,0.3666166563948879,0.36481569411486015,0.36301287126014126,0.36120835237152543,0.3594023019898068,0.3575948846557797,0.3557862649102384,0.35397660729397695,0.3521660763477896,0.3503548366124707,0.3485430526288144,0.34673088893761483,0.34491851007966634,0.34310608059576314,0.3412937650266993,0.3394817279132692,0.337670133796267,0.3358591472164869,0.3340489327147232,0.33223965483177004,0.33043147810842166,0.3286245670854723,0.32681908630371614,0.3250152003039474,0.3232130736269604,0.3214128708135492,0.3196147564045081,0.31781889494063137,0.3160254509627132,0.31423458901154766,0.3124464736279292,0.31066126935265187,0.30887914072651,0.3071002522902978,0.3053247685848094,0.3035528541508391,0.30178467352918115,0.3000203912606296,0.29826017188597886,0.29650417994602307,0.29475257998155646,0.2930055365333732,0.2912632141422676,0.28952577734903373,0.28779339069446597,0.28606621871935856,0.2843444259645055,0.28262317881453264,0.2808645699894284,0.27906173460886524,0.2772159252223511,0.27532839437939394,0.2734003946295018,0.27143317852218246,0.26942799860694394,0.26738610743329416,0.2653087575507411,0.2631972015087928,0.26105269185695695,0.25887648114474177,0.25666982192165505,0.25443396673720475,0.25217016814089893,0.24987967868224534,0.24756375091075206,0.24522363737592703,0.24286059062727816,0.2404758632143134,0.2380707076865407,0.23564637659346804,0.23320412248460332,0.23074519790945447,0.22827085541752948,0.2257823475583363,0.22328092688138285,0.22076784593617707,0.21824435727222694,0.2157117134390404,0.21317116698612532,0.21062397046298975,0.20807137641914156,0.20551463740408876,0.20295500596733926,0.20039373465840102,0.19783207602678196,0.19527128262199003,0.1927126069935332,0.1901573016909194,0.1876066192636566,0.18506181226125268,0.18252413323321567,0.17999483472905348,0.177475169298274,0.1749663894903853,0.1724697478548952,0.16998649694131168,0.16751788929914274,0.1650651774778963,0.16262961402708032,0.16021245149620264,0.15781494243477134,0.15543833939229432,0.15308389491827948,0.15075286156223483,0.1484464918736683,0.1461660384020878,0.14391275369700132,0.1416878903079168,0.13949270078434217,0.13732843767578534,0.13519635353175435,0.13309770090175704,0.13103373233530147,0.1290057003818955,0.12701485759104708,0.12506245651226416,0.12314974969505474,0.12127798968892671,0.11944842904338802,0.11766232030794664,0.11592091603211051,0.11422546876538756,0.11257723105728575,0.11097745545731301,0.10942739451497731,0.10792830077978655,0.10667338165981931
freeAbateAmount,0.7965985843172662,0.7274243298631474,0.672391588826101,0.6257769394777164,0.5857805607180143,0.5509077410779598,0.5199126840681221,0.49175810518630814,0.4655864347438381,0.44069934881991857,0.41654299975581094,0.39269680358864534,0.36886403325541695,0.34486281116985396,0.32061642407060564,0.29614221372124067,0.2715386334149998,0.24697039582887978,0.22265195757534095,0.19882986917396364,0.17576474336634013,0.15371373879068143,0.1329145047396547,0.11357147965989729,0.09584528579272028,0.07984573091629929,0.06562864164144809,0.05319644429424981,0.042502114949050124,0.03345587326339147,0.02593382205263869,0.019787652047237796,0.014854542468386045,0.010966483969189353,0.007958411807752643,0.0056747378266562105,0.003974081621506425,0.0027321980341639563,0.001843259364019517,0.0012197639388943353,0.0007914039437291309,0.0005032383356526041,0.00031349060394043296,0.0001912385036828111,0.00011419672040236274,6.672522884843022e-05,3.8134575890314505e-05,2.1309759071369267e-05,1.1638900341259747e-05,6.2110848633882015e-06,3.2374225802951794e-06,1.6476646817043975e-06,8.185487424548717e-07,3.968294722542595e-07,1.8768693200850736e-07,8.658304176710446e-08,3.895026617552085e-08,1.7084033681090792e-08,7.30485370493636e-09,3.04459219194276e-09,1.2368501497382364e-09,4.897442311293161e-10,1.8901847051796534e-10,7.111475792363624e-11,2.6085955056752427e-11,9.331354137886492e-12,3.2561695993715176e-12,1.1088238230651629e-12,3.688661435584228e-13,1.1935900088433134e-13,3.8122887666347124e-14,1.2408843214781443e-14,3.753794722477414e-15,1.260886992014057e-15,0.0,0.0,0.0,0.0,0.0,0.0,0.0,0.0,0.0,0.0,0.0,0.0,0.0,0.0,0.0,0.0,0.0,0.0,0.0,0.0,0.0,0.0,0.0,0.0,0.0,0.0,0.0,0.0,0.0,0.0,0.0,0.0,0.0,0.0,0.0,0.0,0.0,0.0,0.0,0.0,0.0,0.0,0.0,0.0,0.0,0.0,0.0,0.0,0.0,0.0,0.0,0.0,0.0,0.0,0.0,0.0,0.0,0.0,0.0,0.0,0.0,0.0,0.0,0.0,0.0,0.0,0.0,0.0,0.0,0.0,0.0,0.0,0.0,0.0,0.0,0.0,0.0,0.0,0.0,0.0,0.0,0.0,0.0,0.0,0.0,0.0,0.0,0.0,0.0,0.0,0.0,0.0,0.0,0.0,0.0,0.0,0.0,0.0,0.0,0.0,0.0,0.0,0.0,0.0,0.0,0.0,0.0,0.0,0.0,0.0,0.0,0.0,0.0,0.0,0.0,0.0,0.0,0.0,0.0,0.0,0.0,0.0,0.0,0.0,0.0,0.0,0.0,0.0,0.0,0.0,0.0,0.0,0.0,0.0,0.0,0.0,0.0,0.0,0.0,0.0,0.0,0.0,0.0,0.0,0.0,0.0,0.0,0.0,0.0,0.0,0.0,0.0,0.0,0.0,0.0,0.0,0.0,0.0,0.0,0.0,0.0,0.0,0.0,0.0,0.0,0.0,0.0,0.0,0.0,0.0,0.0,0.0,0.0,0.0,0.0,0.0,0.0,0.0,0.0,0.0,0.0,0.0,0.0,0.0,0.0,0.0,0.0,0.0,0.0,0.0,0.0,0.0,0.0,0.0,0.0,0.0,0.0,0.0,0.0,0.0,0.0,0.0,0.0,0.0,0.0,0.0,0.0,0.0,0.0,0.0,0.0,0.0,0.0,0.0,0.0,0.0,0.0,0.0,0.0,0.0,0.0,0.0,0.0,0.0,0.0,0.0,0.0
L,1.0,1.0,1.0,1.0,1.0,1.0,1.0,1.0,1.0,1.0,1.0,1.0,1.0,1.0,1.0,1.0,1.0,1.0,1.0,1.0,1.0,1.0,1.0,1.0,1.0,1.0,1.0,1.0,1.0,1.0,1.0,1.0,1.0,1.0,1.0,1.0,1.0,1.0,1.0,1.0,1.0,1.0,1.0,1.0,1.0,1.0,1.0,1.0,1.0,1.0,1.0,1.0,1.0,1.0,1.0,1.0,1.0,1.0,1.0,1.0,1.0,1.0,1.0,1.0,1.0,1.0,1.0,1.0,1.0,1.0,1.0,1.0,1.0,1.0,1.0,1.0,1.0,1.0,1.0,1.0,1.0,1.0,1.0,1.0,1.0,1.0,1.0,1.0,1.0,1.0,1.0,1.0,1.0,1.0,1.0,1.0,1.0,1.0,1.0,1.0,1.0,1.0,1.0,1.0,1.0,1.0,1.0,1.0,1.0,1.0,1.0,1.0,1.0,1.0,1.0,1.0,1.0,1.0,1.0,1.0,1.0,1.0,1.0,1.0,1.0,1.0,1.0,1.0,1.0,1.0,1.0,1.0,1.0,1.0,1.0,1.0,1.0,1.0,1.0,1.0,1.0,1.0,1.0,1.0,1.0,1.0,1.0,1.0,1.0,1.0,1.0,1.0,1.0,1.0,1.0,1.0,1.0,1.0,1.0,1.0,1.0,1.0,1.0,1.0,1.0,1.0,1.0,1.0,1.0,1.0,1.0,1.0,1.0,1.0,1.0,1.0,1.0,1.0,1.0,1.0,1.0,1.0,1.0,1.0,1.0,1.0,1.0,1.0,1.0,1.0,1.0,1.0,1.0,1.0,1.0,1.0,1.0,1.0,1.0,1.0,1.0,1.0,1.0,1.0,1.0,1.0,1.0,1.0,1.0,1.0,1.0,1.0,1.0,1.0,1.0,1.0,1.0,1.0,1.0,1.0,1.0,1.0,1.0,1.0,1.0,1.0,1.0,1.0,1.0,1.0,1.0,1.0,1.0,1.0,1.0,1.0,1.0,1.0,1.0,1.0,1.0,1.0,1.0,1.0,1.0,1.0,1.0,1.0,1.0,1.0,1.0,1.0,1.0,1.0,1.0,1.0,1.0,1.0,1.0,1.0,1.0,1.0,1.0,1.0,1.0,1.0,1.0,1.0,1.0,1.0,1.0,1.0,1.0,1.0,1.0,1.0,1.0,1.0,1.0,1.0,1.0,1.0,1.0,1.0,1.0,1.0,1.0,1.0,1.0,1.0,1.0,1.0,1.0,1.0,1.0,1.0,1.0,1.0,1.0,1.0,1.0
xMiu,0.0,1.0,24.156100881376823,39.5713896253223,163.75231599738692,299.0,300.0
xTech,0.0,1.0,18.318887918648358,37.88169228816634,220.55945832745982,299.0,300.0
xSavings,0.0,1.0,23.063389072484,37.437725554727926,81.84028417458624,299.0,300.0
xFree,0.0,1.0,83.12439576203134,112.90105282205838,278.2885035783554,299.0,300.0
yMiu,0.9344973254151875,0.8548554355231971,0.4425809195225619,1.0,0.968291740159449,0.15701786418852867,0.9573490035779615
yTechArray,0.9999999649684214,1.0,0.9988497728923169,0.4762970702665075,0.7166164375380435,0.8920716992202135,0.8933266183401807,3.5031578637934047e-08,0.0,0.0011502271076830883,0.5237029297334925,0.2833835624619565,0.10792830077978655,0.10667338165981932
ySavings,0.16826452474474296,0.254538894647871,0.25380378152068694,0.2656252091529588,0.263979825566626,0.2624482916379404,-8.054049288712452
yFree,0.07965985843172661,0.0790386398471771,0.73736558265846,0.0673992242738932,0.7396802732836036,0.052084838760341326,0.9716912193607504
miuRatios_0,0.9999999649684214,1.0,0.9999960046735669,0.9999840580397654,0.9999642191168432,0.9999365469230468,0.9999011004766236,0.999857938795821,0.9998071208988857,0.9997487058040653,0.9996827525296065,0.9996093200937567,0.999528467514763,0.9994402538108724,0.9993447380003324,0.9992419791013897,0.9991320361322917,0.9990149681112858,0.9988908340566185,0.9969111539750247,0.9877539257938827,0.971835319285849,0.9499908622297643,0.923056082404469,0.8918665075888039,0.8572576655616093,0.8200650841017261,0.7811242909879943,0.7412708139992551,0.7013401809143485,0.6621679195121153,0.624589557571396,0.5894406228710312,0.5575566431898614,0.529773146306727,0.5069256600004689,0.48984971204992744,0.47938083023394296,0.4762972411358888,0.4763123032189693,0.4763516034247547,0.4764149772124509,0.4765022600412638,0.47661328737039893,0.47674789465906225,0.47690591736645943,0.47708719095179636,0.47729155087427877,0.47751883259311245,0.47776887156750314,0.4780415032566566,0.47833656311977873,0.4786538866160753,0.47899330920475197,0.47935466634501456,0.4797377934960689,0.4801425261171207,0.48056869966737586,0.48101614960604006,0.4814847113923191,0.48197422048541866,0.4824845123445447,0.483015422428903,0.48356678619769916,0.48413843911013915,0.48473021662542864,0.48534195420277343,0.48597348730137935,0.486624651380452,0.48729528189919746,0.4879852143168213,0.48869428409252935,0.4894223266855274,0.49016917755502115,0.4909346721602165,0.4917186459603192,0.49252093441453504,0.49334137298206976,0.4941797971221291,0.49503604229391895,0.495909943956645,0.4968013375695131,0.497710058591729,0.4986359424824985,0.49957882470102727,0.5005385407065212,0.501514925958186,0.5025078159152276,0.5035170460368517,0.504542451782264,0.5055838686106704,0.5066411319812766,0.5077140773532884,0.5088025401859115,0.5099063559383519,0.5110253600698151,0.5121593880395071,0.5133082753066336,0.5144718573304004,0.5156499695700132,0.516842447484678,0.5180491265336004,0.519269842175986,0.5205044298710411,0.5217527250779709,0.5230145632559815,0.5242897798642786,0.5255782103620682,0.5268796902085557,0.5281940548629471,0.5295211397844483,0.5308607804322648,0.5322128122656026,0.5335770707436672,0.5349533913256648,0.5363416094708009,0.5377415606382813,0.5391530802873118,0.5405760038770983,0.5420101668668463,0.5434554047157619,0.5449115528830506,0.5463784468279185,0.547855922009571,0.5493438138872143,0.5508419579200539,0.5523501895672955,0.553868344288145,0.5553962575418083,0.5569337647874912,0.5584807014843992,0.5600369030917383,0.5616022050687143,0.5631764428745327,0.5647594519683997,0.5663510678095207,0.5679511258571017,0.5695594615703484,0.5711759104084667,0.5728003078306623,0.5744324892961409,0.5760722902641083,0.5777195461937704,0.5793740925443329,0.5810357647750016,0.5827043983449822,0.5843798287134807,0.5860618913397027,0.5877504216828539,0.5894452552021402,0.5911462273567675,0.5928531736059413,0.5945659294088677,0.5962843302247521,0.5980082115128006,0.599737408732219,0.6014717573422128,0.603211092801988,0.6049552505707504,0.6067040661077056,0.6084573748720594,0.6102150123230177,0.6119768139197864,0.6137426151215709,0.6155122513875773,0.6172855581770114,0.6190623709490786,0.6208425251629852,0.6226258562779367,0.6244121997531387,0.6262013910477973,0.6279932656211181,0.629787658932307,0.6315844064405698,0.6333833436051122,0.63518430588514,0.6369871287398589,0.6387916476284746,0.6405976980101932,0.6424051153442203,0.6442137350897617,0.646023392706023,0.6478339236522105,0.6496451633875293,0.6514569473711856,0.6532691110623852,0.6550814899203337,0.656893919404237,0.6587062349733007,0.6605182720867309,0.662329866203733,0.6641408527835131,0.6659510672852769,0.6677603451682299,0.6695685218915783,0.6713754329145277,0.673180913696284,0.6749847996960526,0.6767869263730396,0.6785871291864508,0.6803852435954919,0.6821811050593688,0.6839745490372868,0.6857654109884523,0.6875535263720709,0.6893387306473482,0.6911208592734901,0.6928997477097023,0.6946752314151906,0.6964471458491609,0.698215326470819,0.6999796087393704,0.7017398281140212,0.703495820053977,0.7052474200184436,0.7069944634666269,0.7087367858577325,0.7104742226509664,0.7122066093055341,0.7139337812806416,0.7156555740354945,0.7173768211854674,0.7191354300105717,0.7209382653911348,0.7227840747776489,0.7246716056206061,0.7265996053704983,0.7285668214778176,0.7305720013930561,0.7326138925667058,0.7346912424492589,0.7368027984912072,0.738947308143043,0.7411235188552583,0.7433301780783449,0.7455660332627951,0.7478298318591011,0.7501203213177546,0.752436249089248,0.7547763626240729,0.7571394093727218,0.7595241367856866,0.7619292923134593,0.764353623406532,0.7667958775153967,0.7692548020905455,0.7717291445824705,0.7742176524416636,0.7767190731186172,0.779232154063823,0.7817556427277731,0.7842882865609596,0.7868288330138747,0.7893760295370102,0.7919286235808584,0.7944853625959113,0.7970449940326607,0.799606265341599,0.8021679239732181,0.80472871737801,0.8072873930064668,0.8098426983090806,0.8123933807363434,0.8149381877387473,0.8174758667667843,0.8200051652709466,0.822524830701726,0.8250336105096148,0.8275302521451048,0.8300135030586883,0.8324821107008572,0.8349348225221036,0.8373703859729197,0.8397875485037973,0.8421850575652287,0.8445616606077057,0.8469161050817204,0.8492471384377651,0.8515535081263317,0.8538339615979121,0.8560872463029987,0.8583121096920832,0.8605072992156578,0.8626715623242147,0.8648036464682457,0.8669022990982429,0.8689662676646985,0.8709942996181045,0.872985142408953,0.8749375434877358,0.8768502503049452,0.8787220103110733,0.880551570956612,0.8823376796920535,0.8840790839678895,0.8857745312346125,0.8874227689427143,0.889022544542687,0.8905726054850227,0.8920716992202135,0.8933266183401807
miuRatios_1,3.5031578637934047e-08,0.0,3.995326433148246e-06,1.5941960234497556e-05,3.5780883156904785e-05,6.34530769532268e-05,9.889952337632042e-05,0.00014206120417904254,0.00019287910111425002,0.0002512941959347997,0.00031724747039354843,0.00039067990624335304,0.0004715324852370705,0.0005597461891275575,0.000655261999667671,0.000758020898610268,0.000867963867708205,0.000985031888714339,0.001109165943381527,0.0030888460249751948,0.01224607420611734,0.02816468071415105,0.05000913777023578,0.07694391759553097,0.10813349241119613,0.14274233443839063,0.17993491589827393,0.21887570901200554,0.25872918600074496,0.29865981908565153,0.33783208048788466,0.37541044242860394,0.41055937712896884,0.4424433568101386,0.4702268536932729,0.4930743399995311,0.5101502879500726,0.5206191697660569,0.5237027588641112,0.5236876967810309,0.5236483965752454,0.523585022787549,0.5234977399587363,0.5233867126296011,0.5232521053409379,0.5230940826335405,0.5229128090482036,0.5227084491257213,0.5224811674068875,0.5222311284324969,0.5219584967433434,0.5216634368802213,0.5213461133839248,0.5210066907952481,0.5206453336549854,0.5202622065039312,0.5198574738828794,0.5194313003326242,0.5189838503939601,0.518515288607681,0.5180257795145814,0.5175154876554553,0.5169845775710971,0.5164332138023008,0.5158615608898609,0.5152697833745714,0.5146580457972266,0.5140265126986208,0.5133753486195479,0.5127047181008025,0.5120147856831788,0.5113057159074708,0.5105776733144727,0.5098308224449789,0.5090653278397834,0.5082813540396808,0.507479065585465,0.5066586270179304,0.5058202028778709,0.504963957706081,0.504090056043355,0.5031986624304869,0.502289941408271,0.5013640575175016,0.5004211752989728,0.49946145929347885,0.49848507404181397,0.4974921840847724,0.49648295396314834,0.495457548217736,0.4944161313893296,0.4933588680187235,0.49228592264671167,0.4911974598140885,0.49009364406164824,0.4889746399301849,0.4878406119604929,0.4866917246933664,0.4855281426695996,0.48435003042998676,0.4831575525153221,0.48195087346639975,0.48073015782401396,0.4794955701289591,0.4782472749220292,0.4769854367440185,0.47571022013572134,0.47442178963793186,0.47312030979144426,0.4718059451370528,0.47047886021555174,0.46913921956773524,0.4677871877343975,0.4664229292563327,0.4650466086743352,0.46365839052919916,0.4622584393617188,0.46084691971268826,0.45942399612290186,0.4579898331331537,0.45654459528423824,0.4550884471169494,0.45362155317208164,0.452144077990429,0.4506561861127858,0.4491580420799463,0.44764981043270463,0.446131655711855,0.4446037424581917,0.4430662352125089,0.4415192985156008,0.43996309690826174,0.43839779493128583,0.4368235571254673,0.4352405480316004,0.43364893219047934,0.43204887414289833,0.4304405384296516,0.4288240895915333,0.42719969216933773,0.4255675107038592,0.42392770973589167,0.42228045380622964,0.42062590745566714,0.41896423522499837,0.4172956016550178,0.41562017128651935,0.41393810866029745,0.41224957831714615,0.4105547447978598,0.40885377264323264,0.4071468263940587,0.4054340705911324,0.40371566977524787,0.40199178848719935,0.4002625912677811,0.39852824265778725,0.3967889071980121,0.3950447494292497,0.3932959338922945,0.39154262512794064,0.3897849876769823,0.3880231860802137,0.38625738487842914,0.3844877486124227,0.38271444182298875,0.3809376290509214,0.3791574748370149,0.37737414372206346,0.37558780024686134,0.3737986089522027,0.3720067343788819,0.37021234106769296,0.3684155935594302,0.3666166563948879,0.36481569411486015,0.36301287126014126,0.36120835237152543,0.3594023019898068,0.3575948846557797,0.3557862649102384,0.35397660729397695,0.3521660763477896,0.3503548366124707,0.3485430526288144,0.34673088893761483,0.34491851007966634,0.34310608059576314,0.3412937650266993,0.3394817279132692,0.337670133796267,0.3358591472164869,0.3340489327147232,0.33223965483177004,0.33043147810842166,0.3286245670854723,0.32681908630371614,0.3250152003039474,0.3232130736269604,0.3214128708135492,0.3196147564045081,0.31781889494063137,0.3160254509627132,0.31423458901154766,0.3124464736279292,0.31066126935265187,0.30887914072651,0.3071002522902978,0.3053247685848094,0.3035528541508391,0.30178467352918115,0.3000203912606296,0.29826017188597886,0.29650417994602307,0.29475257998155646,0.2930055365333732,0.2912632141422676,0.28952577734903373,0.28779339069446597,0.28606621871935856,0.2843444259645055,0.28262317881453264,0.2808645699894284,0.27906173460886524,0.2772159252223511,0.27532839437939394,0.2734003946295018,0.27143317852218246,0.26942799860694394,0.26738610743329416,0.2653087575507411,0.2631972015087928,0.26105269185695695,0.25887648114474177,0.25666982192165505,0.25443396673720475,0.25217016814089893,0.24987967868224534,0.24756375091075206,0.24522363737592703,0.24286059062727816,0.2404758632143134,0.2380707076865407,0.23564637659346804,0.23320412248460332,0.23074519790945447,0.22827085541752948,0.2257823475583363,0.22328092688138285,0.22076784593617707,0.21824435727222694,0.2157117134390404,0.21317116698612532,0.21062397046298975,0.20807137641914156,0.20551463740408876,0.20295500596733926,0.20039373465840102,0.19783207602678196,0.19527128262199003,0.1927126069935332,0.1901573016909194,0.1876066192636566,0.18506181226125268,0.18252413323321567,0.17999483472905348,0.177475169298274,0.1749663894903853,0.1724697478548952,0.16998649694131168,0.16751788929914274,0.1650651774778963,0.16262961402708032,0.16021245149620264,0.15781494243477134,0.15543833939229432,0.15308389491827948,0.15075286156223483,0.1484464918736683,0.1461660384020878,0.14391275369700132,0.1416878903079168,0.13949270078434217,0.13732843767578534,0.13519635353175435,0.13309770090175704,0.13103373233530147,0.1290057003818955,0.12701485759104708,0.12506245651226416,0.12314974969505474,0.12127798968892671,0.11944842904338802,0.11766232030794664,0.11592091603211051,0.11422546876538756,0.11257723105728575,0.11097745545731301,0.10942739451497731,0.10792830077978655,0.10667338165981931
savings,0.16826452474474296,0.254538894647871,0.25453450119456944,0.2545218683893439,0.25450181756421303,0.25447517005119547,0.25444274718230986,0.25440537028957494,0.25436386070500927,0.2543190397606315,0.2542717287884604,0.2542227491205145,0.2541729220888126,0.2541230690253732,0.254074011262215,0.2540265701313567,0.25398156696481694,0.25393982309461444,0.2539021598527677,0.2538693985712955,0.2538423605822165,0.2538218672175493,0.2538087398093125,0.2538037996895249,0.25394780943273565,0.25438968836917103,0.2550823474551021,0.25597802411324105,0.25702895576629986,0.2581873798369907,0.2594055337480256,0.26063565492211666,0.26182998078197595,0.2629407487503156,0.26392019624984764,0.26472056070328415,0.2652940795333373,0.26559299016271903,0.26562452227898037,0.26561998097069556,0.26561134622827276,0.2655988011785287,0.26558252894828005,0.2655627126643433,0.26553953545353526,0.2655131804426725,0.2654838307585718,0.26545166952804966,0.2654168798779228,0.2653796449350079,0.26534014782612153,0.26529857167808046,0.2652550996177012,0.26520991477180056,0.2651632002671951,0.2651151392307015,0.26506591478913644,0.26501571006931646,0.26496470819805834,0.2649130923021787,0.2648610455084942,0.2648087509438215,0.2647563917349772,0.264704151008778,0.2646522118920405,0.2646007575115814,0.2645499709942174,0.2645000354667651,0.26445113405604115,0.2644034498888622,0.2643571660920449,0.26431246579240597,0.26426953211676196,0.26422854819192965,0.26418969714472557,0.2641531621019664,0.2641191261904688,0.2640877725370495,0.26405928426852515,0.26403384451171225,0.2640116363934276,0.2639928430404878,0.26397760286426564,0.2639638339217522,0.26395031772174,0.26393705160599057,0.26392403291626576,0.26391125899432694,0.26389872718193597,0.26388643482085444,0.263874379252844,0.2638625578196664,0.26385096786308315,0.26383960672485607,0.2638284717467467,0.26381756027051667,0.26380686963792765,0.2637963971907414,0.2637861402707194,0.2637760962196235,0.26376626237921535,0.2637566360912564,0.2637472146975084,0.2637379955397331,0.263728975959692,0.263720153299147,0.2637115248998595,0.26370308810359133,0.263694840252104,0.2636867786871593,0.2636789007505187,0.26367120378394404,0.26366368512919697,0.26365634212803896,0.26364917212223193,0.2636421724535374,0.2636353404637169,0.2636286734945323,0.2636221688877452,0.2636158239851171,0.2636096361284099,0.2636036026593851,0.2635977209198044,0.26359198825142943,0.2635864019960218,0.26358095949534327,0.26357565809115546,0.2635704951252201,0.26356546793929864,0.2635605738751529,0.26355581027454444,0.26355117447923504,0.2635466638309863,0.2635422756715598,0.2635380073427173,0.2635338561862204,0.26352981954383076,0.26352589475731003,0.26352207916841985,0.263518370118922,0.26351476495057796,0.26351126100514954,0.26350785562439827,0.26350454615008584,0.26350132992397396,0.2634982042878242,0.26349516658339833,0.2634922141524579,0.2634893443367647,0.2634865544780801,0.2634838419181661,0.26348120399878416,0.2634786380616959,0.26347614144866316,0.26347371150144744,0.2634713455618105,0.26346904097151386,0.2634667950723193,0.2634646052059884,0.26346246871428286,0.2634603829389643,0.26345834522179445,0.26345635290453495,0.2634544033289473,0.2634524938367933,0.26345062176983464,0.2634487844698329,0.2634469792785497,0.2634452035377468,0.26344345458918583,0.2634417297746284,0.2634400264358361,0.2634383419145707,0.2634366735525939,0.26343501869166724,0.2634333746735524,0.2634317388400111,0.2634301085328049,0.2634284810936955,0.2634268538644446,0.26342522418681374,0.26342358940256466,0.2634219468534591,0.26342029388125854,0.26341862782772474,0.26341694603461935,0.26341524584370396,0.26341352459674033,0.26341177963549,0.26341000830171474,0.2634082079371762,0.2634063758836358,0.26340450948285554,0.2634026060765968,0.2634006630066214,0.263398677614691,0.26339664724256723,0.2633945692320116,0.263392440924786,0.2633902596626519,0.263388022787371,0.263385727640705,0.2633833715644156,0.26338095190026434,0.26337846599001297,0.2633759111754231,0.26337328479825634,0.26337058420027437,0.26336780672323895,0.2633649497089116,0.2633620104990541,0.263358986435428,0.26335587485979495,0.2633526731139167,0.26334937853955487,0.26334598847847107,0.26334250027242695,0.2633389112631843,0.26333521879250466,0.2633314202021496,0.2633275128338809,0.26332349402946026,0.2633193611306492,0.2633151114792095,0.26331074241690283,0.2633062512854906,0.26330163542673474,0.2632968921823968,0.2632920188942384,0.26328701290402134,0.26328187155350713,0.2632765921844575,0.263271172138634,0.2632656087577984,0.26325989938371225,0.26325404135813735,0.26324803202283525,0.2632418687195677,0.2632355487900962,0.26322906957618253,0.26322242841958826,0.26321562266207515,0.2632086496454048,0.26320150671133885,0.263194191201639,0.26318670045806686,0.2631790318223841,0.26317118263635236,0.2631631502417333,0.26315493198028866,0.26314652519378,0.263137927223969,0.26312913541261734,0.26312014710148657,0.2631109596323385,0.2631015703469347,0.2630919765870368,0.2630821756944065,0.26307216501080555,0.2630619418779954,0.2630515036377379,0.2630408476317946,0.2630299712019271,0.2630188716898971,0.26300754643746643,0.2629959927863965,0.26298420807844913,0.2629721896553859,0.26295993485896835,0.26294744103095835,0.2629347055131175,0.2629217256472074,0.2629084987749898,0.26289502223822614,0.26288129337867827,0.2628673095381079,0.26285306805827646,0.26283856628094576,0.26282380154787743,0.2628087712008332,0.26279347258157454,0.2627779030318632,0.26276205989346085,0.26274594050812916,0.2627295422176298,0.2627128623637244,0.2626958982881746,0.262678647332742,0.26266110683918836,0.2626432741492753,0.26262514660476444,0.2626067215474175,0.26258799631899615,0.2625689682612619,0.2625496347159765,0.26252999302490165,0.2625100405297989,0.2624897745724301,0.26246919249455664,0.2624482916379404,-8.054049288712449
freeAbateFract,0.07965985843172661,0.0790386398471771,0.07932909468939225,0.08019095064939208,0.08160994487720807,0.08357181452287175,0.08606229673641465,0.08906712866786828,0.09257204746726415,0.09656279028463376,0.10102509427000864,0.1059446965734203,0.11130733434490028,0.11709874473448006,0.12330466489219118,0.12991083196806516,0.13690298311213348,0.1442668554744277,0.1519881862049793,0.16005271245381983,0.16844617137098078,0.17715430010649363,0.18616283581039,0.1954575156327013,0.20502407672345913,0.2148482562326949,0.22491579131044023,0.23521241910672663,0.24572387677158553,0.25643590145504847,0.26733423030714704,0.2784046004779127,0.289632749117377,0.3010044133755713,0.3125053304025274,0.3241212373482766,0.3358378713628505,0.34764096959628055,0.35951626919859836,0.3714495073198353,0.383426421110023,0.395432747719193,0.40745422429737677,0.41947658799460585,0.43148557596091164,0.4434669253463258,0.45540637330087974,0.4672896569746051,0.4791025135175333,0.4908306800796958,0.5024598938111244,0.5139758918618502,0.5253644113819049,0.5366111895213204,0.5477019634301274,0.5586224702583581,0.5693584471560438,0.5798956312732159,0.5902197597599061,0.6003165697661458,0.6101717984419667,0.6197711829374,0.6291004604024774,0.6381453679872304,0.6468916428416905,0.6553250221158892,0.6634312429598581,0.6711960425236285,0.6786051579572323,0.6856443264107007,0.6922992850340652,0.6985557709773577,0.7043995213906091,0.7098162734238516,0.7147917642271161,0.7193117309504344,0.723361910743838,0.7269280407573586,0.7299958581410273,0.7325511000448759,0.734579503618936,0.7360668060132387,0.7369987443778161,0.7373610558626993,0.7356616999591339,0.7297259303779446,0.7198276117346463,0.7062712574403568,0.6893613809061944,0.669402495543277,0.6466991147627226,0.6215557519756494,0.5942769205931753,0.5651671340264183,0.5345309056864965,0.5026727489845281,0.4698971773316307,0.43650870413892273,0.4028118428175221,0.36911110677854686,0.3357110094331149,0.3029160641923444,0.2710307844673534,0.2403596836692598,0.21120727520918176,0.1838780724982373,0.15867658894754444,0.1359073379682212,0.11587483297138579,0.09888358736815583,0.08523811456964958,0.07524292798698529,0.06920254103128065,0.06739994588064674,0.06748787709234091,0.0677213162874545,0.0680984801657981,0.06861758542718227,0.06927684877141761,0.07007448689831472,0.0710087165076842,0.0720777542993366,0.07327981697308254,0.0746131212287326,0.07607588376609739,0.07766632128498745,0.07938265048521341,0.08122308806658583,0.08318585072891531,0.08526915517201246,0.08747121809568785,0.08979025619975206,0.09222448618401569,0.0947721247482893,0.09743138859238355,0.10020049441610894,0.10307765891927613,0.10606109880169566,0.10914903076317817,0.11233967150353419,0.11563123772257435,0.1190219461201092,0.12251001339594937,0.12609365624990543,0.129771091381788,0.13354053549140757,0.13740020527857486,0.14134831744310036,0.14538308868479474,0.1495027357034685,0.1537054751989323,0.15798952387099663,0.1623530984194722,0.16679441554416957,0.17131169194489929,0.17590314432147197,0.18056698937369817,0.18530144380138852,0.1901047243043536,0.19497504758240397,0.1999106303353502,0.20490968926300296,0.20997044106517282,0.21509110244167035,0.22026989009230605,0.22550502071689066,0.2307947110152347,0.2361371776871487,0.24153063743244335,0.24697330695092914,0.25246340294241687,0.25799914210671676,0.2635787411436397,0.2692004167529962,0.27486238563459686,0.28056286448825224,0.286300070013773,0.29207221891096946,0.29787752787965266,0.30371421361963274,0.3095804928307206,0.3154745822127266,0.32139469846546165,0.327339058288736,0.33330587838236037,0.3392933754461454,0.34529976617990155,0.35132326728343954,0.35736209545656994,0.3634144673991033,0.3694785998108502,0.3755527093916211,0.381635012841227,0.387723726859478,0.3938170681461851,0.3999132534011586,0.4060104993242092,0.4121070226151474,0.4182010399737839,0.42429076809992927,0.43037442369339407,0.436450223453989,0.4425163840815245,0.44857112227581114,0.4546126547366595,0.46063919816388044,0.4666489692572843,0.4726401847166817,0.4786110612418832,0.4845598155326995,0.49048466428894105,0.49638382421041854,0.5022555119969426,0.5080979443483236,0.5139093379643724,0.5196879095448995,0.5254318757897155,0.5311394533986309,0.5368088590714561,0.5424383095080023,0.5480260214080794,0.5535702114714985,0.55906909639807,0.5645208928876044,0.5699238176399124,0.5752760873548046,0.5805759187320915,0.5858215284715835,0.5910111332730918,0.5961429498364264,0.6012151948613982,0.6062260850478176,0.6111738370954953,0.616056667704242,0.6208727935738679,0.625620431404184,0.6302977978950006,0.6349031097461286,0.6394345836573783,0.6438904363285604,0.6482688844594856,0.6525681447499642,0.6567864338998071,0.6609219686088247,0.6649729655768274,0.6689376415036266,0.6728142130890318,0.6766008970328542,0.6802959100349044,0.683897468794993,0.6874037900129303,0.690813090388527,0.6941235866215937,0.6973334954119413,0.70044103345938,0.7034444174637204,0.7063418641247733,0.7091315901423494,0.7118118122162587,0.7143807470463125,0.7168366113323208,0.7191776217740946,0.7214019950714443,0.7235079479241804,0.7254936970321137,0.7273574590950547,0.7290974508128139,0.7307118888852022,0.73219899001203,0.7335569708931076,0.734784048228246,0.7358784387172557,0.736838359059947,0.7376620259561306,0.7383476561056175,0.7388934662082176,0.7392976729637422,0.7395584930720014,0.7396741432328064,0.7373017088100058,0.7263704070548488,0.707411108244049,0.6813525216807867,0.6491233566682423,0.611652322509596,0.5698681285080285,0.5246994839667198,0.4770750981888507,0.4279236804776011,0.3781739401361517,0.3287545864676825,0.2805943287753743,0.23462187636240722,0.19176593853196178,0.1529552245872181,0.11911844383135684,0.09118430556755797,0.07008151909900229,0.05673879372886992,0.052084838760341326,0.9716912193607504
act,0.07198213033070659, 0.5145438604549881, 0.050992639075103964, 0.028367782630419985, 0.06543291584560597, 0.7347265826645729, 0.04675732198637209, 0.063712114553209, 0.19705536501777615, 0.35620563109324954, 0.9584825720091293, 0.27955192155826103, 0.9344973254151875, 0.8548554355231971, 0.4425809195225619, 1.0, 0.968291740159449, 0.15701786418852867, 0.9573490035779615, 0.9999999649684214, 1.0, 0.9988497728923169, 0.4762970702665075, 0.7166164375380435, 0.8920716992202135, 0.8933266183401807, 0.16826452474474296, 0.254538894647871, 0.25380378152068694, 0.2656252091529588, 0.263979825566626, 0.2624482916379404, -8.054049288712452, 0.07965985843172661, 0.0790386398471771, 0.73736558265846, 0.0673992242738932, 0.7396802732836036, 0.052084838760341326, 0.9716912193607504
